0.014033
0.015473
0.019997
0.023580
0.081693
0.056431
0.175143
0.006037
0.011389
0.058472
0.003590
0.004227
0.018896
0.108582
0.008378
0.037442
0.017433
0.005793
0.008519
0.077587
0.030922
0.018125
0.017195
0.003404
0.079568
0.004742
0.035196
0.016859
0.014516
0.029776
0.005969
0.040501
0.016192
0.047259
0.079470
0.038896
0.004336
0.000848
0.031055
0.010573
0.041307
0.003405
0.032971
0.062519
0.074221
0.064631
0.020044
0.067027
0.034876
0.013371
0.013892
0.010226
0.035571
0.067991
0.027240
0.115974
0.068338
0.025213
0.005624
0.051135
0.050065
0.067374
0.012448
0.082410
0.005692
0.063463
0.020493
0.024232
0.064153
0.047744
0.002832
0.196132
0.001949
0.005247
0.029827
0.021167
0.136708
0.056904
0.110960
0.028934
0.009956
0.053063
0.020523
0.024539
0.029892
0.007258
0.024864
0.071425
0.052660
0.023859
0.141191
0.022311
0.037806
0.026605
0.084660
0.054017
0.014122
0.013253
0.046961
0.030455
0.050515
0.136968
0.160450
0.050144
0.124466
0.061158
0.008297
0.003127
0.012319
0.020705
0.019486
0.077447
0.034148
0.027806
0.011254
0.086946
0.011061
0.042722
0.042121
0.102858
0.003499
0.023170
0.011945
0.008549
0.052244
0.023013
0.163493
0.032057
0.032491
0.041211
0.022392
0.032180
0.003097
0.060526
0.050815
0.025585
0.147040
0.081323
0.006112
0.071239
0.020982
0.011338
0.040137
0.098494
0.244432
0.023627
0.005336
0.026990
0.014248
0.043415
0.120996
0.034777
0.027820
0.099121
0.009379
0.018727
0.178154
0.212665
0.002142
0.037015
0.112024
0.052227
0.012139
0.078318
0.040114
0.053066
0.010405
0.012751
0.015024
0.032748
0.024735
0.046107
0.150842
0.099482
0.021029
0.013542
0.049664
0.144589
0.027957
0.090864
0.047157
0.080431
0.022100
0.098357
0.008478
0.020617
0.058553
0.147493
0.020623
0.062426
0.052640
0.011366
0.010062
0.185001
0.030779
0.019950
0.014769
0.003281
0.033980
0.164500
0.028474
0.044470
0.140472
0.043201
0.005229
0.011262
0.007165
0.159817
0.042077
0.059683
0.020573
0.041258
0.007053
0.013568
0.012728
0.068927
0.078482
0.033166
0.056756
0.007961
0.000822
0.050396
0.007127
0.053128
0.104273
0.041086
0.095183
0.089392
0.036555
0.183540
0.140489
0.024693
0.044025
0.070435
0.010960
0.081300
0.010743
0.040785
0.004419
0.118020
0.086164
0.163284
0.032057
0.013717
0.027718
0.019462
0.005369
0.009467
0.016230
0.044467
0.028283
0.012458
0.010211
0.019530
0.016737
0.018238
0.052749
0.009808
0.031572
0.027863
0.035801
0.046618
0.001836
0.398823
0.002851
0.052193
0.041841
0.006273
0.007445
0.015063
0.012955
0.046708
0.004985
0.038049
0.115332
0.020498
0.055310
0.125050
0.041065
0.086230
0.041477
0.138007
0.036099
0.034309
0.096896
0.007382
0.027596
0.046049
0.028164
0.101375
0.006159
0.036046
0.000478
0.002786
0.010209
0.003590
0.016920
0.036127
0.050159
0.032854
0.259648
0.068661
0.070869
0.007261
0.110724
0.077534
0.015217
0.137583
0.174429
0.027489
0.025286
0.004865
0.014398
0.029848
0.113772
0.016520
0.012530
0.006581
0.050186
0.025101
0.070338
0.009121
0.066170
0.059722
0.023537
0.051371
0.123141
0.035473
0.038445
0.068743
0.013338
0.010504
0.030765
0.121842
0.009813
0.042836
0.024967
0.090361
0.024491
0.043185
0.072326
0.261858
0.013427
0.009005
0.047183
0.003037
0.039704
0.040257
0.004372
0.071975
0.000584
0.040356
0.061865
0.060711
0.021576
0.166254
0.013885
0.000847
0.138134
0.077809
0.043147
0.014207
0.118742
0.043078
0.126148
0.091540
0.061663
0.019103
0.048924
0.019781
0.046607
0.000066
0.000904
0.000060
0.063690
0.002898
0.062812
0.024676
0.061489
0.460108
0.051676
0.028542
0.208816
0.005693
0.046696
0.081255
0.100478
0.067451
0.075040
0.046840
0.068452
0.123522
0.029219
0.019011
0.012441
0.008104
0.028294
0.020446
0.151390
0.018100
0.069643
0.012451
0.052426
0.123208
0.053412
0.044196
0.032509
0.015451
0.005389
0.054690
0.006845
0.049007
0.039047
0.002051
0.047807
0.031477
0.024038
0.085647
0.004978
0.030590
0.142663
0.066302
0.050526
0.004656
0.075371
0.000543
0.014302
0.020226
0.066994
0.046361
0.047799
0.049649
0.008796
0.031497
0.030498
0.001719
0.118642
0.026352
0.012883
0.018580
0.056846
0.032445
0.024072
0.178228
0.000341
0.042769
0.007144
0.074889
0.041641
0.038673
0.045481
0.013176
0.006348
0.034690
0.019803
0.007051
0.010369
0.093869
0.052058
0.026549
0.004891
0.152999
0.039987
0.031645
0.015602
0.001237
0.013491
0.106823
0.069413
0.108524
0.128767
0.021267
0.000805
0.037596
0.000719
0.144588
0.100483
0.063698
0.038395
0.006897
0.043582
0.064134
0.027685
0.090276
0.005914
0.144964
0.011907
0.132257
0.112820
0.066787
0.003446
0.068580
0.111560
0.051868
0.133635
0.068020
0.050412
0.056539
0.027708
0.023706
0.055185
0.034205
0.020158
0.036885
0.036703
0.074644
0.030618
0.035976
0.014566
0.008471
0.002326
0.015128
0.003328
0.009330
0.011769
0.013273
0.000718
0.047542
0.205269
0.034085
0.018091
0.097602
0.063510
0.077497
0.024730
0.026774
0.053384
0.004385
0.094524
0.006921
0.039336
0.051119
0.023956
0.067770
0.005125
0.145741
0.046990
0.012044
0.024320
0.070188
0.033846
0.014582
0.001143
0.020354
0.121289
0.013461
0.002174
0.017361
0.323578
0.088772
0.010142
0.038461
0.056387
0.003448
0.001934
0.003328
0.062040
0.037741
0.024957
0.005701
0.048261
0.004416
0.030095
0.102136
0.047209
0.037215
0.015890
0.029785
0.101806
0.012763
0.079458
0.169708
0.004537
0.028123
0.011875
0.001960
0.035370
0.025019
0.104769
0.061289
0.071309
0.003821
0.037518
0.070701
0.053426
0.050294
0.037128
0.046091
0.035054
0.052938
0.012895
0.005171
0.184458
0.000970
0.163546
0.047317
0.012653
0.128172
0.017016
0.046783
0.019127
0.163728
0.013982
0.020022
0.000206
0.062483
0.157470
0.012000
0.013545
0.020750
0.023406
0.013085
0.078903
0.024463
0.174671
0.024136
0.055396
0.018620
0.082889
0.017210
0.066112
0.023129
0.045123
0.003290
0.091487
0.012630
0.031078
0.020433
0.169117
0.016695
0.003785
0.018749
0.001759
0.007918
0.023741
0.037721
0.030716
0.022348
0.030344
0.038589
0.034885
0.020713
0.045848
0.100856
0.000260
0.114499
0.106430
0.020198
0.098129
0.016916
0.024741
0.010819
0.026323
0.098685
0.045811
0.032964
0.037430
0.010504
0.076972
0.028893
0.064019
0.017074
0.134767
0.009934
0.014241
0.040043
0.064139
0.065098
0.016340
0.012891
0.005404
0.007684
0.097790
0.026252
0.034276
0.005920
0.052761
0.020249
0.036712
0.088511
0.009416
0.027284
0.011107
0.014071
0.035493
0.052009
0.045933
0.141770
0.028578
0.034108
0.028076
0.068231
0.039339
0.016362
0.062047
0.037643
0.066911
0.058124
0.005163
0.010307
0.013753
0.005313
0.008165
0.031174
0.009808
0.003257
0.072443
0.017488
0.071761
0.003399
0.004963
0.039522
0.002849
0.005244
0.141462
0.053079
0.057438
0.052699
0.012993
0.016430
0.081561
0.078477
0.006755
0.006056
0.029449
0.004770
0.089470
0.004615
0.057166
0.043629
0.011400
0.099136
0.042097
0.028893
0.001970
0.034865
0.020270
0.054027
0.048977
0.008860
0.004471
0.060207
0.025160
0.038037
0.070439
0.014658
0.033879
0.022077
0.061188
0.062650
0.019286
0.036343
0.213090
0.065648
0.039735
0.008190
0.026630
0.052436
0.039057
0.135183
0.016121
0.020267
0.003135
0.060515
0.090057
0.109286
0.031783
0.055480
0.006487
0.035569
0.001095
0.028561
0.026818
0.132570
0.028533
0.007599
0.047613
0.044976
0.018242
0.051990
0.055204
0.106852
0.042566
0.125859
0.041058
0.047247
0.109604
0.055043
0.052043
0.039852
0.004026
0.021077
0.073585
0.023070
0.028022
0.013904
0.177581
0.004539
0.170030
0.036256
0.118097
0.046932
0.001013
0.000963
0.001462
0.063599
0.024430
0.053246
0.047460
0.046681
0.036869
0.004751
0.025323
0.001325
0.010374
0.007514
0.031671
0.014794
0.004214
0.015604
0.029038
0.061380
0.090082
0.024760
0.049226
0.142230
0.076647
0.044015
0.141178
0.017488
0.066634
0.010376
0.148966
0.010655
0.002050
0.055252
0.037984
0.025689
0.012081
0.005930
0.018184
0.034535
0.003743
0.052428
0.029892
0.154874
0.016411
0.038082
0.077928
0.000751
0.046230
0.072129
0.002344
0.050137
0.031192
0.019633
0.054490
0.019837
0.062691
0.004750
0.062027
0.024778
0.095489
0.002136
0.073096
0.004259
0.072574
0.063599
0.026533
0.029501
0.014009
0.012267
0.143364
0.020672
0.008325
0.048317
0.144036
0.020595
0.060334
0.058041
0.131218
0.013775
0.005559
0.002573
0.034216
0.018516
0.148219
0.038596
0.054161
0.025581
0.091708
0.026824
0.119824
0.236430
0.192806
0.017128
0.063721
0.000538
0.019151
0.125914
0.032467
0.078309
0.041855
0.011056
0.058014
0.002417
0.069588
0.092421
0.003385
0.159274
0.118244
0.043471
0.023212
0.008466
0.044667
0.022668
0.014953
0.011437
0.005185
0.087250
0.012207
0.032862
0.007113
0.065125
0.057489
0.029384
0.011775
0.025467
0.065580
0.026075
0.097291
0.003079
0.045849
0.099502
0.021786
0.008381
0.063597
0.048733
0.020078
0.034056
0.008106
0.078185
0.191484
0.064645
0.009078
0.042000
0.040646
0.013639
0.072207
0.049448
0.049698
0.071083
0.082197
0.030416
0.062739
0.005382
0.028889
0.003120
0.044372
0.014490
0.030878
0.000232
0.033929
0.049545
0.043141
0.201605
0.004536
0.009693
0.099883
0.013004
0.104396
0.023413
0.005811
0.002449
0.017037
0.013146
0.090093
0.072658
0.050438
0.078929
0.066020
0.051160
0.087816
0.005534
0.006653
0.032215
0.008097
0.022307
0.084762
0.024699
0.008952
0.029201
0.122247
0.012237
0.077081
0.235098
0.089800
0.030115
0.005444
0.034553
