0.049094
0.126252
0.035758
0.015134
0.190582
0.051540
0.001565
0.003087
0.047276
0.013782
0.004024
0.143307
0.014849
0.050411
0.031913
0.045566
0.033597
0.100285
0.054162
0.132803
0.119967
0.015090
0.034347
0.034542
0.076544
0.037451
0.001325
0.052468
0.041069
0.029294
0.019221
0.058078
0.009617
0.005827
0.078412
0.181656
0.103203
0.102545
0.002283
0.266048
0.003705
0.045280
0.005544
0.000922
0.164756
0.033100
0.043227
0.013019
0.002838
0.106620
0.021178
0.048848
0.046104
0.032730
0.150455
0.111809
0.088692
0.113945
0.049624
0.120088
0.153365
0.008567
0.014422
0.043572
0.002083
0.076586
0.004516
0.129235
0.062752
0.026990
0.077948
0.071475
0.016489
0.003097
0.150133
0.054597
0.012471
0.049244
0.004947
0.054842
0.070288
0.008394
0.040447
0.003496
0.026490
0.148562
0.050223
0.130791
0.050207
0.049798
0.163756
0.018074
0.021188
0.064304
0.114659
0.016237
0.120598
0.006468
0.016637
0.007901
