45.369705
3.159730
11.518756
1.203676
37.017277
3.122729
3.996618
9.337079
20.318337
7.522372
4.693235
11.889909
1.092291
6.952420
2.954332
3.327282
5.948908
11.017266
5.958084
2.800697
7.030221
3.489974
2.964424
14.374703
8.421750
2.510203
1.837288
2.865657
6.319337
6.410913
18.669608
0.742048
18.835439
11.183837
35.894719
0.736220
4.716749
5.241403
7.057472
19.461874
3.490640
49.719654
26.012509
8.655947
11.476385
1.273595
15.616876
7.356912
6.715502
17.960464
1.550980
24.045046
9.166320
14.073592
5.059381
29.099706
18.865854
39.194873
16.327980
1.437110
6.563799
8.595700
2.202040
10.424484
6.646594
14.456454
23.135168
14.176701
1.727641
14.469364
2.800073
5.689172
2.072276
7.734041
2.779966
96.269172
5.060427
16.196237
13.263236
18.320528
5.786746
1.696701
1.783243
6.920059
70.816631
28.826866
1.455525
2.925206
49.816156
8.422922
33.641674
9.328626
19.827403
34.553929
3.221191
22.519959
3.970598
14.936766
51.696489
10.286387
2.843693
16.836519
42.521922
4.024537
6.689705
1.220691
1.822552
2.691541
0.763270
17.671653
5.282360
6.587446
30.691979
15.690905
49.006074
1.055788
2.274038
16.592248
3.502635
3.501436
6.059484
11.233739
13.650808
14.388529
16.735587
3.979218
6.546831
5.772401
2.593899
10.435307
5.934448
0.258489
10.022838
1.986945
11.823052
0.935764
91.014325
6.944591
6.429100
2.898513
9.263632
2.342786
46.362712
11.923195
6.964557
13.590168
24.815956
17.086795
16.832496
4.576715
16.532975
4.713496
35.380824
7.180086
7.173256
6.828277
2.302292
6.650732
20.984491
10.699773
33.888997
2.719902
2.355864
4.371606
11.011228
1.171780
4.372346
3.662852
1.461660
12.408136
1.253695
3.997401
5.306117
16.984921
17.708567
3.807626
4.320749
9.105952
16.378962
38.360805
73.216194
29.440130
2.598739
8.826661
16.157577
1.236140
4.906374
3.418113
28.251625
15.949421
7.088604
27.843088
4.707213
7.283477
44.443258
2.707272
0.406347
8.397475
29.809478
0.961548
15.125917
13.624464
12.499755
13.022636
27.578451
27.093444
2.700061
26.167690
4.990431
4.267956
3.522554
13.125797
39.463260
10.740358
4.920685
18.547467
24.318642
4.436190
3.702696
20.474032
7.306450
15.864712
4.183670
0.518619
4.013844
2.162127
46.588302
15.994161
2.238102
2.340070
2.717538
15.201188
1.149112
5.961515
2.179771
3.505719
3.855222
7.159787
7.299254
1.469422
3.238836
7.373875
2.139191
1.207426
7.354036
41.637742
0.509476
7.890388
3.726787
15.186995
5.930781
11.519777
2.390947
2.354395
13.323211
10.779859
8.789776
12.431457
27.163707
1.751151
10.329011
5.887956
24.406932
15.949134
5.969581
16.481923
9.687714
29.196114
6.320323
7.469126
9.424618
3.364365
9.698988
1.526220
4.081386
7.668880
12.380299
9.136005
2.667485
16.188477
0.922226
6.309274
4.890590
5.463933
3.867461
17.849149
1.062647
9.746107
6.915052
56.958158
28.509396
9.004678
14.804249
27.304459
3.339742
0.943355
7.170989
10.003168
9.871785
12.982998
5.282488
5.742678
1.641672
2.555804
6.131507
11.440006
23.689447
0.870872
5.447955
3.528143
2.827431
5.793400
1.698951
4.577294
9.073741
12.418077
16.522409
9.185605
6.504694
1.223060
3.029839
6.422308
12.355061
33.921129
7.504985
37.919256
8.853073
2.817297
4.294231
2.469668
9.263842
1.952807
5.068951
18.206920
6.327387
11.135214
0.735072
2.737416
4.860142
22.480168
2.474539
15.918585
8.447504
34.397994
8.383894
38.543752
21.275544
8.908324
9.852980
5.100032
6.062334
2.728192
32.868528
1.661532
1.469858
6.403938
6.448543
1.518171
125.574131
6.250872
12.008230
23.259457
2.877803
0.296035
3.353970
6.727098
0.800914
105.441247
46.590838
21.194397
2.197926
11.062790
3.967277
7.354181
31.431315
9.098767
42.490865
1.306206
51.885764
1.804659
1.280146
8.208511
9.403933
5.704455
30.537795
5.743488
28.365491
20.117557
15.134732
4.043753
18.617117
5.915858
32.970919
7.989899
7.287529
3.720009
4.601233
3.326943
8.703331
2.656097
7.392628
9.298055
6.040790
4.172627
8.696770
10.970365
7.200042
5.762364
35.381733
8.272972
9.537452
1.466894
3.007813
7.376880
2.948924
3.173919
9.941893
1.226074
1.611478
19.734866
12.906909
8.061105
9.257163
15.762356
7.948380
9.929045
14.220682
3.751910
75.458614
270.403595
2.757120
7.604347
4.273887
14.398035
14.508246
6.336352
61.523363
5.103005
8.607271
4.915112
5.101445
10.282374
9.654041
12.932790
16.743858
0.744372
62.725340
27.058487
4.050536
19.318945
1.947396
3.450524
3.526135
3.973103
3.970142
3.565102
8.942360
6.536288
20.286234
2.533980
16.793664
11.967335
2.252202
7.782499
3.221767
20.695274
6.015432
35.535175
17.808408
7.647572
12.374456
26.893425
0.991472
12.268198
14.143270
12.438936
14.691702
8.379748
9.303428
3.151070
5.228686
7.897335
5.741329
1.383181
11.938705
13.082202
11.081622
17.977107
106.807379
2.376652
10.311761
18.617058
9.965713
7.103923
12.433200
14.889209
6.038455
8.943303
1.813669
22.904774
35.633567
4.247434
12.385371
13.618090
12.500999
8.605558
6.650225
2.641013
9.212706
6.556460
6.892535
7.633689
5.934529
10.853196
6.382190
1.074579
2.244247
7.259520
9.908127
1.595915
6.496443
108.183346
18.675157
3.407678
13.139931
16.462814
4.155041
2.454528
17.871694
11.116692
10.446189
3.419208
2.983709
1.902371
24.402662
34.006139
3.437561
3.683208
8.707485
12.064240
3.699158
40.775327
5.410028
38.022237
16.879887
18.476309
6.151371
12.237651
8.042344
3.387600
4.939696
27.529254
19.772688
3.244950
2.742916
4.719569
48.359481
3.530535
6.129410
10.078860
15.542421
8.522000
3.089178
4.377891
13.681069
7.156991
7.322166
7.194899
1.860076
4.495876
3.598057
7.117936
3.591752
24.332422
1.708896
13.197206
3.649362
0.964922
5.403870
8.082364
1.483126
1.175568
34.786237
6.833800
8.785822
4.117262
11.161353
10.125993
9.492883
10.121955
4.191836
2.985663
13.897904
3.121036
8.720955
1.460266
40.377655
12.299838
3.619326
4.015940
19.701230
3.606816
1.288275
10.910539
14.278902
21.848870
0.861829
1.903304
4.044571
16.123896
12.531724
22.974188
4.242138
5.417964
6.873045
21.902403
78.195267
8.718507
5.103790
3.326315
4.906049
5.453462
5.571147
31.106804
3.981184
22.051989
3.625076
2.787524
1.206863
12.354930
7.313246
4.631475
28.277161
3.429385
9.636663
6.053597
13.425009
5.927967
26.953990
1.338985
9.570056
1.710337
15.838921
2.302006
71.523522
12.063466
4.064735
15.242012
2.642191
4.612500
79.348316
8.122582
14.247157
2.796114
44.937622
9.305752
37.829889
16.916754
6.308310
2.924115
23.975390
6.293960
31.794926
1.719831
13.323788
6.324964
2.524391
9.342941
13.447221
0.683617
3.765788
4.540860
10.975648
12.385104
9.978795
5.150554
4.347747
25.937432
5.380298
2.208448
8.669189
7.079168
1.371798
4.957214
7.572669
77.402583
14.792133
3.971484
6.207697
2.353427
12.786506
7.284137
0.814515
7.897700
2.959584
35.193571
29.482529
1.136260
18.974720
15.125386
23.050020
16.312009
4.401302
3.232381
6.013257
11.666711
18.194118
24.611420
3.022807
1.272027
3.122240
21.473643
113.562568
0.814797
4.674032
39.613761
74.727035
24.844157
19.162566
7.684439
22.150422
7.759371
13.596074
6.813734
3.387226
3.887273
15.956266
12.710065
4.026009
16.615284
17.042749
14.048216
4.679405
24.128663
8.972293
50.482733
9.614083
4.773703
6.465669
11.200556
16.568669
5.561531
10.498860
6.823767
5.709879
4.181765
10.003131
9.086313
4.433746
4.199861
3.830182
2.083214
5.292183
2.593210
5.658006
1.485693
4.079380
6.860499
3.528001
3.771819
18.628831
36.605196
18.480857
55.292475
4.170522
4.207170
3.842179
34.906575
4.118082
6.182765
19.081720
2.092669
2.446910
21.581029
6.286576
2.060891
12.861213
17.641753
4.450008
1.383993
77.147462
12.488417
1.833721
3.723908
13.077192
0.444796
5.533175
9.405816
3.550262
5.983051
14.548690
12.228057
2.903596
5.310640
3.835980
2.903745
3.229811
13.603711
27.463083
8.290612
28.496992
5.386307
2.950370
2.838262
14.723245
35.522952
4.750558
14.969574
4.556916
22.613792
8.477906
19.104644
6.313333
2.061604
5.251767
6.191950
35.778300
23.451347
19.705970
1.717405
5.218985
13.432606
1.630618
15.749820
17.615577
15.500440
3.978502
2.284124
6.463672
3.543216
2.244625
19.682771
7.717400
4.357336
4.852762
6.104345
8.076612
0.664190
11.565600
5.346001
24.593321
0.377297
0.902166
6.926538
4.550424
26.175556
3.588092
7.505564
5.886955
20.976090
7.479501
9.621026
6.206099
5.711967
3.103697
0.466798
7.259146
14.529403
25.454211
1.808428
10.567747
4.410757
12.234761
1.802953
5.631361
8.755232
117.275221
2.716365
36.664435
22.571467
4.008679
2.966416
45.941066
6.865304
6.145034
24.474515
22.345444
6.930423
30.820797
3.906497
6.034287
19.182613
15.667245
4.968440
0.987914
5.250330
6.830927
4.811895
11.950174
6.567468
2.168450
8.851573
3.346083
2.520666
6.957918
4.181179
7.018787
4.057139
2.369322
5.043603
0.833038
4.449379
19.782606
4.642836
4.453496
10.997664
4.429516
16.718277
46.016105
7.482705
8.369113
5.919171
1.659866
4.594012
4.026779
5.330718
10.852027
9.590195
1.072796
20.153613
0.954951
1.728373
6.040255
8.546842
4.425812
4.233225
4.588072
1.636312
2.868074
64.106687
2.852269
4.880370
39.250482
6.117934
4.972370
8.257989
1.853416
10.503512
2.139114
40.060590
11.412489
3.167261
8.594997
1.699847
15.442453
5.826039
8.819777
10.052339
3.089020
5.687819
6.279930
4.313113
11.766431
10.471421
4.927517
1.210626
4.075121
88.860522
10.700734
7.248388
5.683322
2.694472
0.543076
8.847184
5.531252
14.778851
14.464759
5.404310
12.851992
5.901544
2.366185
18.909268
5.580948
23.953123
3.586658
19.247806
38.465597
46.247900
4.052643
4.740530
9.580815
7.437841
9.252930
3.454928
12.376533
16.334946
5.521933
4.758388
3.761682
0.879423
5.778516
5.201752
11.209756
1.852605
10.890776
15.783484
17.990716
8.894026
15.217811
2.574691
3.545402
19.167997
56.326775
6.062339
4.044216
11.636287
3.895963
30.799444
1.991434
9.102683
18.173856
11.983486
3.592828
7.716047
1.175491
1.847681
26.307828
0.762084
2.752728
8.612145
3.048456
1.995371
6.043921
3.760520
22.155506
12.061311
7.547797
9.429855
11.364649
4.551244
1.297292
6.009082
14.736556
46.893897
7.357507
3.393286
32.704633
1.706534
8.128137
28.941958
0.874691
8.177830
7.251941
8.956486
9.261307
16.764395
1.600402
7.746086
2.959955
2.138771
4.533017
5.173029
8.328791
28.372762
57.273652
2.535425
23.553982
6.061371
2.903933
2.491445
25.098153
11.063811
8.152461
2.370864
6.903581
14.758096
10.330178
8.067406
2.091999
45.541868
7.107432
17.118608
8.708808
5.100009
4.402183
28.041670
21.974368
4.683495
27.328686
26.444173
15.078500
4.464909
10.180240
53.571721
6.906530
13.309425
18.009873
14.781239
10.469632
8.981377
1.641063
14.795342
4.959082
2.210156
1.612450
83.002603
16.463473
44.322863
31.038221
3.811971
15.446035
14.538078
13.998541
1.670155
1.853613
10.652610
3.410906
7.067986
2.296935
32.148207
4.775819
7.144412
8.174255
5.205879
6.696709
16.976693
2.652196
8.025732
14.848940
6.072583
14.382980
8.653557
2.633669
11.551886
8.212228
7.854337
4.275015
5.589943
2.335863
3.421813
3.270876
2.852282
3.428425
9.489204
42.780311
4.922282
49.147459
9.469420
1.836007
9.585678
3.165587
13.180885
2.007683
11.133851
25.577143
1.936444
49.640258
2.757043
28.564865
21.046789
5.475378
0.726231
6.024124
21.028269
7.343556
6.340675
3.666203
3.550889
1.733926
4.059832
1.086064
2.474081
12.927632
11.954618
20.440110
0.635705
6.532410
7.747537
3.326813
8.964045
13.074267
3.195186
1.270974
1.911753
13.251050
13.819875
47.764379
1.379973
5.324703
9.295759
20.337995
38.625837
4.205324
6.047212
6.727371
5.655388
1.382625
9.225425
6.074690
13.064490
15.077125
26.674888
3.226574
1.535888
5.959606
10.716349
4.890278
4.357851
2.758439
10.042072
2.957771
36.530586
11.699373
20.229419
13.906763
4.561263
5.590285
5.506083
12.020176
2.955716
37.678277
26.866954
1.577254
7.069552
27.224833
14.178942
3.332382
5.489853
8.036885
2.082892
8.049206
8.154318
1.525008
13.381962
5.096470
1.988778
36.230413
69.427674
9.578448
3.208278
33.080029
1.878218
2.092950
20.750839
12.352486
1.630106
8.247876
10.798778
70.610431
2.572075
12.418078
19.903407
0.407215
4.830388
2.247194
3.512207
1.335212
60.233043
26.861313
8.739531
11.872629
52.559902
0.465677
2.135130
2.223334
11.478522
4.106097
13.253868
3.830678
15.606442
4.533794
91.689166
5.192088
8.511785
3.898061
2.272097
4.036810
9.679206
2.909526
7.004015
11.616250
12.500488
5.370909
7.004609
5.671252
7.089151
10.115877
14.751895
3.245857
21.132390
12.844041
8.739747
3.125365
3.750267
2.261546
4.423692
4.696750
11.015657
84.222042
25.403478
5.317646
20.574290
11.170976
1.882473
7.970325
8.590671
4.914772
0.829585
2.690955
5.146196
7.321756
4.559290
13.255580
6.804612
15.735968
3.395793
5.196852
26.816703
5.420552
8.752102
13.747133
4.214932
2.622379
0.690102
75.046030
5.382334
7.715192
13.429436
5.076375
4.387087
3.503940
27.141363
12.962425
8.033987
6.169816
16.962964
5.131020
9.559908
28.629938
18.842172
15.606873
16.060874
7.148235
2.633383
0.524485
9.232263
11.756149
10.969874
0.910765
2.976302
0.445618
44.406255
7.018568
1.546922
11.907893
7.092883
12.329525
1.298943
6.677703
1.755134
2.326299
6.451746
19.513141
13.269402
4.867626
5.449411
3.670717
2.906266
25.918798
6.945488
28.313120
4.178793
24.459027
1.593485
6.875859
2.497791
3.269048
21.663253
20.585674
10.723128
6.306986
5.479867
7.453837
8.892695
60.512880
15.375696
19.669942
4.352289
17.138336
14.622905
1.463734
22.183418
3.243640
18.249546
7.591627
3.019342
3.679162
12.874222
32.072670
5.999982
9.842579
8.137217
13.737585
3.111588
13.710161
59.690938
4.419254
3.267553
15.639785
5.192182
13.087809
10.087105
6.231430
3.351386
2.642908
10.344098
12.195404
14.290489
4.533524
11.997292
3.571835
25.268678
7.959444
5.185188
3.608638
5.484395
45.274838
3.606960
9.944177
5.714012
10.883666
4.419568
1.167718
6.691578
8.214773
30.410884
12.323796
11.620043
23.022774
13.973633
12.509982
0.462370
4.096027
51.507636
25.845054
14.974058
25.546909
6.318455
7.761821
5.696409
10.805373
13.724642
5.699598
13.677322
3.356100
13.302364
12.132540
24.959137
7.381417
27.644675
7.100700
38.961127
3.506403
3.744502
3.547387
5.323991
17.037690
9.770820
33.828329
11.495699
3.936793
5.013003
20.525543
132.069034
49.703951
33.780649
47.503982
1.905405
4.742602
6.738777
16.013825
13.439776
17.658557
11.265066
9.646506
28.360644
3.057404
6.103091
10.260133
4.921629
3.737294
3.366290
7.919640
7.749704
4.443486
9.239861
13.024580
20.454635
1.168458
12.377929
5.828761
2.063826
5.687891
53.194057
25.352723
28.918674
34.636075
5.708141
5.266539
11.247600
3.300487
5.605393
7.108327
20.963603
4.270295
10.144380
3.772828
40.639633
16.636198
25.341225
1.837346
15.029335
4.665591
11.186635
10.695236
13.246286
4.786701
3.657630
7.960483
6.114200
6.196352
8.651995
23.244361
2.213423
10.979068
2.029280
10.768998
4.149225
19.316929
3.843818
36.900222
8.511773
8.995489
71.165330
75.514579
4.899258
28.108756
1.523142
3.327854
5.277633
8.660786
10.471335
25.837589
3.843174
12.446354
10.448242
9.935405
10.044816
22.845303
4.792387
4.971850
7.571734
12.929725
20.352203
3.412687
35.088542
8.381180
11.591730
6.321349
31.602078
3.413172
4.154070
1.441366
5.011055
2.655840
5.013043
19.088284
11.868474
13.205943
1.900913
6.507940
15.837153
3.974285
1.603217
5.680684
0.367714
6.742324
73.155211
2.365026
9.811544
3.112862
4.207406
18.233812
2.351537
15.495919
12.593033
4.046450
15.340068
5.249340
6.953416
4.922652
4.458872
5.354052
7.256255
61.902417
17.936807
13.441768
5.463710
17.680919
7.776026
24.199895
8.456997
2.636909
9.166722
7.902919
0.806120
19.158646
52.678987
1.569673
23.618520
48.454474
4.571692
68.153860
17.951535
3.318269
6.755031
7.453019
4.751305
11.734558
2.051000
7.873440
15.880473
1.961282
0.875436
15.610265
269.171135
11.767064
2.804488
2.880884
16.599629
2.456739
2.729891
1.683594
3.646362
14.774360
6.810467
27.944083
11.934860
4.424369
59.920248
44.956287
0.376438
16.627896
29.600025
3.362105
4.680012
1.253558
2.941057
8.749028
4.503210
13.662797
1.642425
35.615575
9.962544
1.331820
1.784299
2.192934
10.351060
2.283844
3.924743
17.101064
10.387698
2.170074
3.349482
5.583035
5.501189
18.009816
2.156281
22.614421
22.702921
9.398543
3.513908
2.884505
6.126578
10.715395
6.412134
11.016429
10.236755
5.249008
10.102641
3.080435
12.128711
14.464749
9.240770
11.432369
12.189793
2.245801
1.309983
15.602751
28.909862
6.329028
4.871622
8.139435
11.006600
4.121312
3.792414
26.924976
3.031176
2.370968
3.318428
5.764269
27.427505
11.419799
25.801163
21.364441
6.431778
14.681305
13.045273
8.974735
15.006687
12.989705
4.682278
4.691129
5.737152
22.917302
2.568274
25.362151
4.909634
24.740427
9.628351
2.092987
11.826666
45.244078
4.705091
5.793867
4.033113
11.604606
177.274091
3.079052
32.695415
58.299023
6.380409
9.768933
1.956191
2.930982
55.092128
1.288429
76.938993
13.982476
1.646981
20.481048
0.988457
36.113953
12.766337
4.990454
0.857165
15.847536
3.917792
5.604307
12.477448
3.369627
0.934646
10.774857
8.855665
4.284554
2.543260
11.724896
9.276408
8.437215
2.050038
5.697110
14.798904
4.539734
14.849749
9.582781
2.019113
5.263984
100.968766
10.592533
10.987555
5.112174
2.202605
16.979690
34.537476
3.411677
17.304485
7.176882
36.797884
21.030436
2.332009
3.592059
4.773154
2.688308
10.984464
15.349554
5.317578
8.425817
11.131690
7.734146
7.946400
4.166691
9.343249
3.988676
5.320415
8.449093
74.034847
4.273505
13.648322
16.945266
4.808651
2.576842
12.054718
8.075149
61.868322
3.816947
7.563423
2.461843
0.573529
2.228441
4.041280
0.864128
10.461456
9.500247
2.891580
2.348200
1.530597
8.433420
2.676327
23.684226
6.475075
9.425575
4.275523
9.623627
2.439228
7.969809
11.176196
9.949676
0.992057
5.335439
15.199582
1.200799
24.727464
30.075663
6.322331
52.110673
8.760618
2.175181
3.213862
3.358853
27.739760
2.893764
39.309465
12.419254
9.031451
2.356128
23.941845
18.541303
19.044919
5.140800
3.017699
36.208236
6.452793
11.545772
4.615666
5.294063
2.925046
10.514491
17.327357
12.990676
2.529304
13.525443
4.945340
15.970271
22.464103
0.715045
13.023484
7.353317
6.318153
15.079596
13.506183
49.345289
1.815270
25.176495
19.000821
1.716455
12.510396
1.372339
7.273058
3.009194
9.931544
4.671394
42.185616
27.031840
12.638984
11.291369
24.311296
7.549063
3.775979
18.697803
8.107029
8.139181
2.393669
3.264840
4.291103
34.261192
31.445927
2.160946
0.989671
20.700034
3.020584
13.105374
3.539685
2.364248
34.473938
33.070103
105.369155
0.820815
2.680029
3.796825
16.843480
2.969747
19.731970
7.073189
9.419266
2.884449
2.140354
13.790780
4.525715
38.957245
1.506982
10.782851
6.828753
4.620637
6.948931
24.464228
15.513696
2.915480
4.489255
0.740739
9.196983
6.311958
8.368062
23.578134
15.408241
32.355552
10.354021
23.028418
2.098227
2.041502
5.051764
10.608646
6.050953
2.174762
5.208628
35.068950
7.099534
13.414221
6.523482
0.306744
0.593548
1.432603
2.716742
5.388728
9.584149
6.797405
19.574206
8.926505
2.621612
32.894863
24.671769
2.654226
83.803525
13.374437
3.356728
13.397898
14.737970
13.731581
3.608644
2.656294
14.771935
8.602868
29.904059
5.045545
3.763911
2.016610
11.749388
62.332338
1.568787
15.450210
9.671712
6.436185
7.261223
3.771177
10.066473
13.777486
12.265349
10.993588
8.148388
7.601511
4.095911
6.454827
65.609382
9.677219
1.297154
60.804720
5.702001
30.615274
9.479346
4.018278
9.641054
53.661073
3.864253
14.802323
5.756707
0.693938
2.569027
10.469959
3.557473
20.889411
12.135130
13.949938
7.690833
4.152674
3.278444
7.389300
12.052161
13.657496
13.646070
7.265274
25.831271
15.175104
19.492651
19.021114
57.978216
3.165042
1.933286
1.877635
7.283695
9.573528
2.883093
6.214099
3.599565
9.101028
7.239989
2.899082
4.566987
2.609811
46.705735
7.804709
12.828077
10.956660
2.223039
1.398725
4.516922
2.024800
4.873334
11.819633
39.920348
17.884469
17.607471
48.789808
7.122213
38.130045
1.768154
15.183332
9.945718
2.220297
5.037931
8.427040
1.263086
61.172707
15.145257
5.655214
20.491110
2.779367
2.856253
4.428515
2.082412
9.493151
7.828694
10.083405
1.581264
4.696274
13.846257
11.406468
5.003143
5.168744
3.683039
6.255284
0.843678
9.739926
6.851256
27.240075
4.739056
2.090170
4.704120
19.486034
27.154881
1.780630
11.745481
11.689352
20.936186
2.005499
5.533105
4.627664
8.068681
3.922506
28.439143
30.659001
13.886576
6.532938
4.739292
16.060005
2.810238
4.376738
13.245860
3.643862
6.204330
1.685930
9.546185
2.786654
12.401905
15.626615
1.351281
8.251091
1.269210
12.372165
8.113256
16.578661
2.411131
41.101207
2.768986
9.123261
42.251058
19.420202
2.427001
1.842392
2.934551
7.055277
9.975086
73.691104
6.502660
2.538185
8.177581
8.362253
7.863578
14.799808
10.171025
8.621452
10.681352
13.654948
1.922856
25.536640
1.583216
166.325434
2.879291
34.965365
4.419109
11.264698
6.221554
2.630707
4.748830
4.288095
4.809884
1.562212
7.511770
30.199203
21.860415
25.993664
25.878872
30.320340
22.670331
1.591668
12.747755
0.897039
3.795206
13.144264
35.468997
5.778194
7.713456
6.339330
8.461060
5.592265
14.401651
29.564668
2.385752
0.344685
40.815798
2.088493
41.374106
14.817080
4.383815
41.739140
5.108660
2.117284
9.832119
5.937751
2.843602
27.276488
4.979905
10.821676
7.801449
8.709445
7.821679
2.177293
10.884152
1.149244
5.918107
6.534273
39.495030
4.562425
5.885981
3.230162
5.627903
8.586875
11.334397
4.319143
15.420680
7.124386
6.021013
23.136255
6.068132
2.517227
7.499363
3.444665
21.782356
10.813844
5.775879
5.043938
15.362127
4.801079
1.074547
5.543000
2.440746
38.410655
3.292096
1.769938
46.746861
12.331232
3.957164
27.278389
9.192712
12.199426
1.529300
4.812494
22.586817
5.923606
14.484655
12.758138
6.727662
5.446537
5.830799
6.894858
14.637611
55.056150
43.474113
3.998878
6.613040
57.573671
20.010996
49.228613
19.502528
5.934212
10.648191
22.084643
16.806720
12.085528
5.045557
2.595122
4.879256
5.684067
22.994941
12.069925
1.943254
1.071306
10.748976
7.900451
5.087063
35.239421
16.605703
17.705864
18.593914
2.984130
1.234582
4.833550
6.327521
3.657080
3.920661
21.726483
1.008015
5.933138
14.672136
32.762322
2.971701
7.431493
3.156881
27.357565
6.508528
8.057952
27.914572
7.147728
7.805256
2.136826
6.937563
28.879860
11.726112
1.871053
4.570625
21.308039
18.259254
67.786332
15.927432
10.957718
18.170292
0.618483
4.262005
5.447455
2.868707
1.928884
14.649341
1.960999
2.962209
5.126606
9.346873
0.993195
23.268163
4.614238
1.949027
3.799338
7.494997
9.412508
4.497561
1.911100
6.222441
5.643975
9.322545
27.563049
29.220221
2.128418
22.246059
6.642933
26.520624
7.643019
9.858344
16.000300
7.378791
5.763762
3.713127
5.873246
6.821325
1.483198
19.990587
2.853862
5.208704
9.068948
14.511029
5.169026
5.519906
12.421614
28.249714
4.938984
2.404644
8.554856
21.999906
2.544832
43.816817
3.669440
80.892496
3.007858
4.084635
1.400809
13.332140
2.663401
7.987839
8.764525
9.657102
23.818557
15.265095
16.394510
3.045525
56.724128
10.176911
2.513945
14.262307
9.106676
2.591196
21.232101
1.472140
5.145383
6.294395
28.834569
11.320985
15.273271
4.421032
8.099017
29.875293
14.371455
1.145290
8.041583
8.788650
2.273591
17.790461
5.826647
10.437429
3.437424
33.343228
8.162531
9.140308
3.155308
19.017458
6.020447
4.952289
4.567974
1.660074
9.630363
5.527420
8.225326
7.152375
13.119044
15.256039
19.788063
6.010769
77.800449
6.602725
70.911307
1.594614
18.833914
48.616824
5.292697
14.286917
2.035312
21.135357
10.708498
3.542662
16.496697
4.094504
3.539054
23.955872
2.993886
0.984913
1.630431
5.364239
1.165885
15.516570
5.643738
4.642171
7.165640
49.013366
7.147034
1.316742
10.873242
19.521323
19.114787
2.953005
5.795806
7.909912
2.372156
57.282286
11.676407
13.811670
5.496187
2.307313
2.602733
212.876365
15.292674
24.165209
55.495427
6.195930
11.585314
19.336904
8.216251
4.547670
23.904767
9.545609
4.695872
4.177498
27.165930
5.825542
4.883491
18.673656
13.130723
7.882387
4.881939
24.999522
35.896590
18.576998
66.375834
13.243251
5.396717
5.969031
3.005444
11.337993
4.375963
9.733504
24.883388
3.113630
6.939257
3.600065
2.325907
1.754251
1.402519
13.075074
2.099495
19.434037
5.126209
3.047490
8.835009
6.240661
2.104752
9.501325
8.038272
28.153744
2.095475
3.616551
11.424357
16.768419
9.211080
12.171384
19.695904
7.634473
11.218150
16.524337
5.745094
9.971647
1.104194
31.917260
24.612353
20.010251
30.438316
1.950078
3.425189
10.820435
21.254645
4.505106
12.655170
12.042753
1.002122
3.887066
2.906814
0.470502
4.630472
6.427033
26.454027
4.720256
6.226120
35.220066
10.260204
23.879102
4.688748
25.584623
13.302054
20.269606
1.190497
42.210731
9.756060
15.577032
6.214712
23.860766
3.164497
9.800830
10.822000
24.915684
5.714931
10.148302
1.669426
21.203977
3.694449
33.037162
33.637035
3.955756
10.990550
0.305571
8.211144
2.949326
2.909148
10.003357
2.879462
1.620069
13.957610
57.518467
7.087530
18.259150
2.168751
3.610856
0.763217
3.351018
25.813458
22.276037
3.182498
11.411882
2.747443
53.800944
3.127967
25.813728
23.842746
14.284139
3.143633
10.648245
11.474051
5.264574
9.906737
5.616630
9.937869
10.095399
3.481805
6.619112
10.422688
4.864575
2.042358
11.994631
8.586904
17.915131
42.774795
2.203217
4.347570
9.320826
4.609757
31.477852
7.636273
9.679044
2.159059
20.853808
5.112830
14.866752
4.654308
1.409332
15.063201
6.874587
3.005604
2.484930
2.886026
4.773474
2.956194
12.442494
11.703335
54.581216
9.394830
13.041222
2.000182
3.869804
2.444262
9.106096
39.964016
50.612251
1.708424
1.096120
1.374712
9.854865
55.816204
8.430091
10.738267
3.537464
6.675067
20.735381
5.588329
28.307256
87.425236
8.763536
15.241500
4.327549
6.649110
3.374111
5.765580
8.545359
36.959562
3.985372
16.943994
28.514888
4.813123
29.235522
9.265245
4.585103
25.619223
9.136328
13.009437
10.831567
9.034473
2.807270
5.042669
2.941007
6.272593
5.373403
4.950283
316.415967
35.750238
1.795187
66.536226
13.905432
8.461901
4.849904
4.257715
13.602581
16.977394
14.298077
6.749064
39.175235
6.290820
3.153552
0.754025
14.524827
18.866407
2.762490
33.801517
2.824327
12.800821
14.097552
4.227601
2.155402
19.551139
9.652227
2.474487
11.134915
8.136253
4.641556
13.881763
4.955494
2.490621
7.335956
33.960725
14.598970
14.915338
1.645498
3.417811
16.449928
73.405457
13.368405
61.378314
101.191613
4.367796
9.007814
2.505650
32.283129
5.289607
1.571980
10.034900
14.097133
2.379380
6.952502
1.486776
39.661241
13.228191
18.084839
44.870077
20.370706
12.954080
52.077846
5.095279
9.391629
101.614190
2.630713
7.743921
5.756755
14.361363
1.774748
13.669704
5.954290
16.799519
1.480648
6.347109
1.181945
93.069302
4.503704
7.750969
5.763793
2.419330
5.326449
7.383481
6.159066
11.533998
2.794131
7.251125
7.851070
5.836589
12.498281
13.266679
4.185426
3.110764
5.555686
6.561696
8.381063
37.246348
4.265780
37.144088
5.132152
21.513209
16.382346
24.560775
13.579021
8.072937
6.903314
12.380163
6.222694
16.264011
4.838598
6.089075
3.569364
8.210409
18.856733
62.274145
24.861021
4.348436
3.009151
10.611936
3.209805
15.551501
5.954560
3.467260
25.054689
11.933851
4.374602
33.541164
5.612957
6.010701
33.734885
2.584622
8.610204
4.159356
2.363106
23.227230
2.865588
45.675663
1.788932
18.102661
9.154822
10.225170
0.857443
13.616178
5.863760
9.903084
6.180851
30.169554
9.932113
10.742688
1.616891
28.801453
4.752111
4.476476
2.966455
4.198193
28.401534
14.074027
3.886473
36.461216
19.641489
8.873361
59.364614
2.256929
13.037838
4.550651
11.746982
42.097762
8.767337
4.434114
26.937384
6.553250
3.839182
7.437373
50.079910
15.552850
24.572180
27.882304
2.379918
3.278381
0.671915
20.916665
22.543274
3.711099
1.442103
10.893593
8.993747
7.305666
26.592824
9.887596
11.599165
2.789394
3.761542
6.346408
4.036405
2.144169
30.573432
3.966874
13.844724
2.002195
11.287436
3.792650
15.767487
8.343457
7.542878
2.082885
2.295113
5.495884
4.447612
12.110685
1.524267
1.944035
11.434367
3.907458
26.633468
47.922114
6.544271
4.005082
6.620891
0.764365
4.650908
9.261308
33.950128
5.630136
40.472963
39.448885
1.863685
5.994035
30.692735
2.103588
8.662719
7.497400
5.829602
1.858792
66.383793
10.108236
10.803524
10.952578
15.375988
2.652127
13.034295
3.761632
0.485935
3.416332
2.986448
17.604326
8.533505
3.024599
10.641261
4.705734
9.983951
8.453381
4.351835
6.751761
16.377009
16.374668
2.023912
2.574059
15.255798
13.021430
3.518937
2.623134
1.911807
2.986692
5.004750
8.935966
1.107870
14.501556
6.108399
5.718179
4.823519
8.417344
3.033805
14.115698
5.624181
44.128191
2.242107
10.225600
75.111129
15.687127
5.133413
1.904210
16.786978
1.229061
11.826399
19.836018
5.732002
31.983983
4.965546
24.336621
9.747743
5.813356
13.316824
2.692239
16.735118
10.821354
4.868118
9.469108
75.872257
8.665551
21.017599
7.064089
8.553195
31.199207
132.640151
40.122202
94.913192
2.813276
2.551721
0.533798
3.576213
7.033227
7.057270
21.229696
2.494447
6.008952
53.046910
10.619580
7.444761
24.604057
3.110274
8.465420
8.198948
1.171706
2.478740
1.029774
3.101987
8.583393
4.938838
3.659735
7.979048
16.994707
17.134354
4.553728
4.936266
4.696039
8.717633
11.357802
17.321720
4.460064
19.274292
8.216298
12.172916
3.199220
1.803842
2.002427
16.336191
45.005152
3.095646
1.739612
3.019905
20.515318
2.036421
48.798301
1.966379
9.771901
6.930042
12.477074
5.580653
5.242398
17.157556
2.457583
14.889966
1.049440
11.018182
9.721432
5.030544
0.858433
3.669332
9.423610
11.224163
2.801879
8.911305
0.810325
11.406122
7.700254
11.550548
5.876761
1.090548
9.039045
7.797646
2.020727
17.738509
1.058471
16.470421
8.876929
184.158555
19.169496
2.328502
3.755108
0.956528
15.281396
3.482958
17.414663
22.405407
5.725840
17.471051
28.483199
13.592891
24.496361
4.114243
0.929325
7.083770
2.468041
1.555986
11.093230
3.017755
13.019003
8.304074
10.703082
5.374660
19.375650
5.020385
18.719287
29.471981
9.250279
0.672708
1.497299
5.635767
4.702655
7.805070
11.083321
14.935290
44.283061
1.697741
6.408641
16.178549
34.818111
9.731334
24.284578
2.618402
5.592428
11.989669
35.951409
1.930078
37.151448
7.407587
5.622003
0.677281
8.198137
4.233058
19.603675
21.243217
9.877462
4.142101
3.431979
17.586615
2.594344
6.095762
11.015737
2.428116
10.452043
9.111958
42.278304
5.916005
7.639891
8.710580
7.940869
23.800502
5.034572
3.731198
3.969105
15.076114
4.086537
11.058681
1.007567
8.549140
19.151666
4.009781
3.976941
6.173445
28.690102
9.493141
16.094079
6.167390
1.689977
8.504724
4.162140
17.711607
7.294544
6.416729
3.798769
2.620729
17.406172
6.066696
2.550073
2.481290
43.678894
12.233089
2.156287
27.159298
5.264118
1.733823
1.890719
2.207468
3.356901
2.256154
7.832120
13.755060
3.282836
25.428361
6.545496
6.459831
1.454577
6.010815
11.436067
6.636518
22.564063
3.614626
7.088214
19.897549
4.593377
6.836262
46.549901
8.003743
1.673710
15.771424
1.036046
21.556605
12.766864
4.595328
1.071098
7.378493
47.168992
0.653595
7.942989
1.955325
11.139348
1.611728
1.814960
2.806013
5.823710
16.965416
12.759811
80.383942
0.228187
11.905416
4.728260
6.754131
1.600531
4.202191
9.774105
22.133373
4.252753
5.760793
8.215842
3.361100
4.438713
55.157398
10.880756
2.849478
1.620893
11.407006
38.856594
3.189727
81.198743
66.098815
6.035299
8.226004
9.908788
1.753265
9.783272
27.031695
16.779656
17.707582
3.732196
4.476825
6.684813
2.393370
4.562169
7.821611
8.050373
6.434647
1.368740
20.866171
107.878158
9.957096
72.083457
29.589866
3.393730
2.855297
7.856224
7.081950
3.418529
13.699038
8.622876
10.473761
2.635907
7.015284
4.497221
13.244969
11.981620
5.602741
6.042494
1.641111
10.744170
4.937224
2.964739
2.028126
47.127351
6.351778
13.829846
3.399037
0.123875
13.507472
6.561308
0.703091
56.072542
30.655367
20.966163
11.578158
7.259111
0.905402
3.376913
2.942711
6.041934
13.727125
8.501138
2.801650
6.483131
26.703735
20.353458
1.723800
9.607791
1.183727
5.650548
4.566880
8.872615
11.215932
2.317557
10.762963
10.138318
9.029113
12.956368
1.477610
13.171364
36.713268
11.480889
5.604056
16.100380
1.446356
2.017911
12.293744
18.948731
11.807915
7.559796
13.856975
7.332432
4.926825
4.035054
4.899262
10.665589
7.827138
2.140243
2.042852
2.424478
2.785695
125.543825
3.091398
3.899845
3.416513
1.076740
25.501235
1.507307
8.984974
13.854566
0.746295
9.788288
1.959873
58.627971
8.506889
3.755746
10.124932
3.109279
41.273844
10.510022
18.173240
3.743879
30.873443
16.525246
14.672454
14.991997
65.900246
0.666979
1.748739
51.663921
4.188246
9.184327
1.878486
6.657079
3.451924
7.275648
46.706043
27.354743
1.984875
14.380558
21.532638
4.162917
5.871506
6.643910
6.266735
17.159111
10.211309
5.990402
31.086314
9.181302
11.518753
26.062434
2.490412
4.666351
3.077688
7.658594
10.975265
3.644235
19.306600
8.512168
1.012117
5.437151
3.306924
5.909743
2.615942
8.629396
4.866966
0.865677
4.406382
22.441417
7.421521
2.867227
1.397579
0.802620
10.031511
2.510943
44.087274
20.797225
6.680551
3.172031
15.827926
3.930991
16.157926
2.327560
2.709672
22.598934
2.898528
2.610377
8.818525
3.272585
1.939726
6.228151
14.250136
10.316932
10.514428
17.923950
8.694403
16.145789
7.967276
22.291622
1.129432
25.616876
11.160319
3.165259
19.829423
14.436621
4.751172
13.738731
26.662269
9.313436
2.801786
10.380571
3.918064
7.468149
21.372724
1.363328
10.494624
2.346278
22.023535
13.375591
3.171508
2.090083
8.949329
0.744343
1.849138
23.113092
7.981374
3.179382
16.398277
11.185889
13.590489
3.478271
6.228115
79.455097
5.340245
37.190872
4.017930
4.996358
4.296381
1.515023
9.445623
65.901571
1.368506
4.431104
7.223235
9.712271
9.453470
6.855899
5.544225
13.935830
1.007592
3.924789
3.767518
24.683445
2.685452
2.105568
18.655290
12.086587
10.180415
42.440444
11.132627
3.150741
3.086307
11.078599
6.376070
1.453662
7.690555
34.192456
8.863837
3.699652
11.458245
4.864768
5.200177
7.037138
42.803774
5.734556
4.706410
16.972030
4.935190
27.031267
4.142483
0.883007
18.190890
38.032430
35.857133
15.927713
1.416780
11.447635
13.138385
18.740632
0.850010
6.410454
3.635022
26.131521
9.416959
6.451113
17.408901
1.104159
2.041909
1.041201
2.266395
17.760561
23.379708
22.868622
1.463541
42.236607
2.928833
32.292211
29.586925
8.966081
7.082762
3.058527
90.221322
1.268280
7.172068
17.715107
10.565548
3.031753
5.823481
14.286163
6.461024
6.428263
4.079883
3.016641
14.607122
4.566903
21.011877
6.368499
7.694883
19.067954
20.488362
11.972433
4.748403
1.528284
3.792693
20.312888
34.030616
24.190923
5.214820
15.526566
9.769411
2.425673
35.471135
22.857596
2.505225
10.109987
81.291873
47.617749
3.469557
3.439236
4.927077
12.046396
10.002432
2.310826
5.272945
5.418963
0.647674
9.190001
2.097245
1.503455
10.331629
3.562080
10.030793
13.514859
8.123814
16.694172
2.179923
8.715536
14.134421
0.997820
4.457309
1.663441
11.143209
18.822797
2.676994
7.023817
8.091604
62.866378
115.515056
5.524421
40.342425
13.805504
17.895090
4.043092
1.430130
5.654068
9.089241
2.246358
10.912055
7.114657
6.262049
2.931841
13.522281
9.265342
7.204532
5.578696
28.153573
11.130379
4.195706
3.349441
10.737817
13.541183
9.989397
3.893854
9.837540
3.495461
1.579026
22.431072
24.515199
30.144865
28.188704
15.913665
4.005099
3.130155
6.752997
1.188207
2.298450
12.658072
0.771550
27.467180
4.210190
12.144839
5.631489
3.908982
9.656094
16.061377
3.274323
5.438294
13.703248
0.534758
4.957240
12.422913
10.414185
4.204778
1.072190
2.306003
13.047583
67.533796
20.533276
5.484998
16.689494
17.101310
4.967900
5.709187
6.723336
25.232220
12.129173
54.339490
16.262287
6.852816
5.810114
7.184935
19.953993
4.691728
16.688693
6.177243
53.006499
5.801785
2.526020
5.912128
10.361015
5.481116
52.799029
14.453699
7.360408
1.121418
11.690509
5.916448
7.523007
17.859849
9.026471
2.102711
1.966195
19.771242
0.322537
15.062039
6.340191
12.936714
2.614840
49.935239
0.556375
57.680995
1.885892
3.966585
4.434019
8.032828
13.066630
4.640955
9.754422
2.078779
3.178130
13.373682
2.764128
25.382615
4.508785
17.426254
8.579111
41.020495
31.933458
11.726474
2.632061
13.015103
31.235699
3.144522
11.397945
6.130879
1.597344
10.761844
3.035995
2.896858
4.468593
2.454728
1.278554
5.463382
20.395906
16.265395
5.670329
5.228283
5.751727
6.608818
7.205822
22.452612
4.175085
12.230033
9.064601
4.477357
13.224817
6.038327
19.871071
2.013177
9.870666
10.861671
11.129921
5.185457
4.043283
6.657580
6.351599
6.852509
17.432016
2.941378
3.769155
7.724767
1.636879
47.101252
2.981826
15.943419
3.905072
4.110760
21.557405
5.200900
1.485917
3.690693
2.214329
7.073510
6.515450
22.781129
26.345381
3.943290
6.040559
2.768464
2.434193
12.277548
3.555909
1.260022
9.725839
80.284792
2.184349
6.293516
17.640875
12.411797
20.008971
7.311467
1.836818
4.488636
23.940262
2.671922
12.646386
4.264284
0.444000
2.350953
3.143168
1.392314
1.813465
4.568739
3.263349
15.317937
25.124916
16.166515
4.262463
5.651736
12.621406
24.744009
15.326978
91.364879
17.053265
5.046541
7.881631
4.187724
15.410160
10.718289
28.222704
1.995422
7.098429
3.523637
42.867797
1.663923
3.528260
2.290182
3.926343
29.427261
24.580806
2.901614
22.895292
16.526835
8.812159
3.128200
60.897853
5.960887
1.422549
1.394451
2.096693
3.260087
3.242504
8.551083
21.901751
4.245524
4.163338
5.605332
6.409288
1.471115
22.504950
56.111294
26.361533
16.290602
24.508043
3.982645
8.609678
1.924287
2.201226
14.532920
9.731939
7.433685
2.086102
3.331803
48.960482
4.463498
18.743116
1.005837
21.918465
13.336077
2.896118
23.182604
11.083526
2.642366
3.229799
5.843878
7.638446
6.177095
19.910131
1.350299
14.460959
3.988180
11.766049
9.465758
3.026283
1.409349
10.084849
1.685602
16.379406
6.786324
0.642398
3.988919
3.984602
22.661621
3.311453
7.651670
5.017004
15.619442
12.561792
18.229708
30.569361
8.391243
4.653043
2.572279
15.061842
6.648182
4.299620
7.782729
18.501695
13.708665
22.508806
78.542533
3.571719
3.900030
1.817463
3.455512
17.665492
14.227959
14.003093
34.386865
30.370737
15.155876
22.355865
2.253545
16.791234
2.088247
12.919078
6.592411
13.742366
28.153100
4.969103
9.147796
8.443729
22.945319
15.088507
7.179529
15.248441
6.996579
1.157933
3.082548
40.578850
129.057859
16.298830
3.825537
10.268140
7.921010
4.306905
0.233805
27.029264
3.173730
36.631389
2.111814
8.658427
5.718760
25.585776
7.771752
6.373533
18.261206
2.004193
2.647463
2.137994
4.586699
5.905405
2.888190
11.934663
34.498616
8.431209
7.745015
5.486719
3.590742
12.282286
6.731315
2.578662
12.400411
4.119960
14.933944
4.830288
3.777514
3.408998
8.448391
5.862499
2.568019
6.728403
8.345535
17.346251
6.998537
3.741797
32.966745
19.487607
35.004333
17.710525
7.542851
11.564521
0.676317
20.139151
2.559838
10.272225
21.710191
5.916090
2.793645
3.088923
3.841512
6.018697
1.668908
6.390724
22.373387
18.474501
24.301643
6.402925
4.854240
4.719853
15.558857
6.914092
13.574499
49.688069
7.023597
6.447212
12.106400
12.084073
12.057980
4.430285
4.815619
10.660348
12.598302
5.333760
27.105693
3.566416
24.456731
14.895043
3.332502
11.645336
4.857501
4.785809
1.368373
5.304982
39.425776
8.179149
1.492545
13.740945
11.809483
17.158914
6.737095
8.354062
4.050435
2.302066
4.121177
4.030908
3.663242
37.057929
6.418332
5.158692
5.324789
44.855116
12.850618
31.681103
19.057730
13.843775
75.338912
11.539417
2.821678
16.795936
3.456165
6.434608
6.742377
3.025470
8.273426
24.607812
7.552456
15.353663
3.962775
18.932174
3.344355
68.736347
6.942348
7.864417
3.258258
3.107295
5.859580
89.169207
2.274016
3.987342
5.013426
25.160125
9.503329
2.039186
21.246450
6.428372
2.272832
1.381565
2.605555
12.140122
1.728341
57.248562
5.941298
9.364580
9.464855
10.384616
31.624766
12.788104
36.386018
13.219838
14.116316
2.105019
3.914909
3.039225
13.819522
53.845069
6.180286
1.629171
4.465238
2.511138
2.611235
18.051507
7.129518
5.064737
11.100807
2.048943
11.406756
3.027629
11.015831
9.113273
7.156171
6.794941
37.997997
11.908310
33.297982
20.686972
5.913773
3.509788
19.717037
5.400875
37.786633
17.308709
23.294900
1.970741
2.957624
5.398419
49.736808
3.164583
6.759254
10.368609
5.787777
6.798547
11.922118
3.901750
7.263672
4.571660
19.977783
0.657593
3.934864
7.107707
5.586754
12.357926
10.568161
7.028941
2.925680
8.724574
3.641008
8.175984
13.980101
3.341402
7.708047
9.601886
7.736681
8.108051
45.809097
2.883671
1.866883
18.156498
12.212768
11.166003
3.973231
25.427493
14.782090
18.026207
1.525033
2.124227
1.850621
13.947545
4.330315
5.699867
8.283959
1.433370
11.695709
12.294620
7.518425
6.662499
3.553605
2.329725
2.472814
0.696357
9.893650
4.500658
3.900465
5.210799
2.423335
16.565156
7.868409
9.483081
53.258565
12.885759
2.861744
12.560642
11.984830
21.670446
3.325283
5.001694
8.329834
8.878475
1.535278
10.918768
25.100687
1.824242
2.094260
3.457949
36.892620
16.998258
21.249086
3.368860
7.264551
2.016085
4.398785
17.400046
20.014937
1.747956
6.448414
36.248835
213.061110
10.614482
4.476498
17.991919
1.963038
6.842489
1.424384
7.700411
13.102371
6.098659
8.210621
7.610874
7.135894
7.592877
22.733641
1.935309
17.166895
8.668901
9.798487
16.407556
65.745724
45.421565
1.020539
14.375874
37.301886
8.294219
5.233543
20.445101
4.913796
26.466462
0.974375
4.188509
10.497555
7.157763
4.237235
3.860175
4.543457
13.409757
27.376817
2.024339
4.315372
3.728008
59.906948
2.231606
4.235786
16.083466
2.780108
1.328846
12.885883
36.335175
2.536271
8.857445
12.801635
1.927517
5.117537
1.888396
8.859383
2.180097
2.371550
11.325525
0.990563
25.262759
25.046043
38.898534
24.010814
4.293674
17.088086
27.821207
41.552109
13.050396
2.841735
11.445732
0.596558
11.197416
3.533468
2.526526
15.201762
5.067684
16.630420
5.587202
18.930861
14.822741
7.607014
2.032446
12.630669
10.568884
14.492946
2.715722
7.826418
1.474177
3.220376
1.492665
3.635244
2.373589
4.102598
15.322427
4.344989
29.330650
2.002120
5.303255
25.216714
9.178029
13.202899
8.760207
5.086834
4.106774
13.087629
2.612607
8.210167
4.158021
9.152447
2.740294
32.960303
8.233216
20.940676
5.326882
4.114481
15.729646
2.963599
8.556480
1.778281
3.717874
1.313749
24.234970
7.408865
5.717574
18.094147
8.030167
4.152707
3.430477
0.784291
11.375340
4.478364
11.517180
17.524017
6.641145
6.296221
12.705679
4.550846
6.506045
6.579155
4.205433
9.030318
2.910784
10.326758
6.031842
8.403731
11.900239
2.965372
7.829843
7.456220
3.864561
5.805754
11.210388
4.334523
21.977737
8.021729
1.658830
22.810259
3.166444
39.209101
2.212961
4.079922
2.559486
15.576135
3.675783
5.870106
4.565043
1.319795
1.497878
10.968524
6.424462
3.013657
6.189741
9.807569
2.965621
2.139643
1.946553
7.975369
9.194259
11.681920
1.698158
6.589960
6.978809
2.563590
6.082504
9.573766
7.018893
8.483908
16.008741
19.632140
5.373209
5.983401
6.079257
9.816341
5.273967
7.738627
1.934747
3.396464
4.638862
2.733366
12.028883
6.558783
2.753053
190.878889
58.378624
2.094597
24.620853
9.396448
4.043950
5.214976
9.472737
5.482659
5.854718
2.304975
15.558468
19.373146
26.099211
29.240449
9.667553
10.510782
6.815038
16.569368
7.792842
2.697169
1.269071
2.988268
26.504531
9.776627
3.263820
68.915161
5.376944
2.073162
12.289223
1.831938
6.870512
8.557478
22.959180
2.769282
3.329990
3.911894
5.150453
2.222047
20.711399
21.761727
11.169217
8.969079
10.810399
1.784035
61.850386
6.280414
4.883913
26.323664
6.324988
12.306238
6.583244
10.442707
2.411726
18.734374
1.604804
11.149231
3.178831
11.343420
51.759167
6.622191
5.050444
1.754768
3.069154
8.208370
1.458681
7.974096
2.534468
11.162841
3.214150
1.027807
3.184807
23.573231
6.191184
1.381609
32.942242
8.959022
5.567199
2.218386
0.849721
2.610760
3.127759
1.125304
4.520765
6.494765
19.390823
20.083863
0.697693
9.832830
0.406977
9.874853
4.033552
13.004728
1.725803
13.066054
2.135297
8.495340
5.178675
5.354271
12.508914
4.208484
4.237919
76.741175
73.760245
3.081259
19.239897
3.671451
14.824111
1.485209
0.644353
4.647072
19.258474
3.114418
3.356898
1.097706
21.439107
11.585408
19.636994
13.171455
5.781978
7.970130
4.506740
9.576493
5.290193
9.329970
7.297598
9.530104
7.295323
5.925773
1.007092
1.783224
4.128895
2.871219
9.268126
5.945056
5.160613
25.428192
12.103759
4.621121
54.178121
3.008036
2.394545
4.316277
12.845179
44.348069
8.533218
25.956586
3.183874
6.871500
3.304316
1.097180
19.031543
17.384773
4.864132
18.422985
32.883409
12.574615
2.128381
2.430644
8.198794
6.542704
1.705199
15.878299
17.715106
2.467003
1.577517
7.565765
1.152575
2.268006
6.359764
12.447107
4.905813
11.520867
4.385488
59.940428
7.253657
2.463907
18.006788
2.394712
16.208803
2.827845
13.062321
7.256358
20.872643
5.072276
26.805454
2.377119
4.345403
3.934540
8.324532
1.605238
5.426139
81.994486
24.716203
8.769276
3.666037
13.643966
2.799407
3.813671
1.285857
7.823264
5.275624
25.779728
2.276744
23.146603
3.109862
42.508499
1.903076
0.890947
5.152005
4.594796
4.213117
5.178415
3.266800
2.701165
15.653404
2.427379
10.506656
3.281857
52.515149
2.185946
3.327654
4.087105
5.546722
6.873123
1.375523
5.997846
14.099623
12.146476
1.772141
4.306176
6.963595
12.946721
1.279453
3.492241
7.679389
3.549136
20.757777
4.853986
55.857496
13.481659
13.950461
2.376007
6.328329
96.363283
4.402028
4.519926
11.039791
5.942899
24.223395
20.382567
8.302731
4.843981
1.529382
10.193577
44.636177
0.321850
6.893372
11.488951
16.844322
14.926661
2.950022
3.231799
4.021807
5.417224
3.326838
2.442441
5.402566
7.900306
3.697229
3.720891
0.872814
3.681142
3.472442
3.046460
3.292360
6.387502
4.262575
15.154955
37.610242
36.687290
2.472117
17.585671
12.799235
8.046589
21.216027
20.675738
8.288271
3.123251
2.679454
11.333661
7.727035
13.708384
19.327444
32.485084
5.237230
11.414988
24.260310
6.428142
30.970155
15.715967
56.505225
3.704859
2.826872
2.457488
6.964625
7.214969
10.282772
9.711271
5.938894
2.065036
18.303729
1.622170
13.036573
2.765991
44.885676
4.871483
1.573175
18.725978
11.327973
1.194158
1.587748
28.592281
4.267128
1.870503
16.063682
38.272333
3.643168
2.186098
4.161281
31.333599
3.634048
7.400028
9.401060
0.491493
18.349574
103.272420
61.795259
5.996348
20.250459
6.591625
8.011546
9.764356
2.273938
3.661730
6.274325
8.832592
18.190029
27.354612
31.449417
13.154425
10.286425
24.002378
5.155062
4.658990
13.811690
5.303446
4.009125
5.261212
18.079666
21.965301
18.384968
23.628596
11.774144
2.354512
6.594888
22.175419
3.168074
24.916283
11.255158
7.833520
25.059463
2.880765
2.819909
5.893982
6.565184
31.304458
18.300835
1.495130
1.168876
38.471269
7.253733
3.426979
8.314937
7.850900
7.221607
6.968178
1.602555
2.849085
2.599381
5.178580
14.319063
2.322342
10.647331
8.209176
6.103617
4.147614
73.942379
3.096251
5.451069
15.539391
4.866518
0.880336
22.848470
3.445493
7.931418
3.731733
18.456953
31.274616
16.777494
3.711641
1.524705
1.594499
5.091419
3.700423
11.186564
3.361037
2.843520
0.718022
5.445062
3.984113
8.026964
56.433455
13.284913
58.602815
15.256632
22.794645
42.273230
2.845755
5.194164
5.326304
17.116278
10.074021
10.116999
2.826543
45.479958
2.632696
2.014998
20.100296
7.487681
18.621079
6.108430
3.618673
1.813499
1.816413
2.644489
22.694684
33.652470
8.029237
19.464879
4.077356
10.734223
2.347318
56.754650
11.473894
3.887556
3.607616
16.626881
37.234124
35.498338
12.432501
3.298829
4.452226
16.940636
4.842918
3.741384
1.713220
2.688507
5.362240
6.959895
5.937725
7.855548
1.646355
5.656476
2.951830
9.734591
12.967037
8.517947
7.905664
2.651890
1.453874
2.561827
1.393446
13.846415
14.047251
2.437882
9.332607
5.687217
3.339991
1.845029
10.334734
10.555938
8.450451
4.237964
3.548997
6.467699
10.745232
6.863025
11.120360
70.695648
5.598482
16.481559
5.642525
10.772935
45.528592
3.532729
2.242383
2.748309
11.332329
7.720823
1.113446
29.627782
2.560834
2.658816
3.057931
7.015310
42.207929
32.182935
16.463072
11.646872
5.259023
10.423757
3.644594
9.023918
13.612400
36.319909
6.353417
7.445642
8.086268
18.119489
1.046148
3.883752
5.569979
1.690867
6.456075
4.830559
5.918808
3.818458
10.604503
2.265226
2.001444
35.308022
5.381344
12.977353
39.643268
12.537971
6.029840
26.992841
0.525323
2.136132
8.634355
5.159641
3.613555
4.082289
2.990005
12.183190
68.481909
16.617093
8.116590
14.023490
4.935272
5.658203
8.408437
16.389230
12.165731
10.555735
2.854844
3.659615
11.594082
17.054919
12.169411
5.769098
7.632310
23.095629
2.981810
2.303438
7.706285
13.748646
7.097651
5.873259
14.711403
1.944204
4.927185
3.254964
5.860009
9.094337
5.106667
1.728187
74.272617
29.676187
9.075486
4.923925
7.849816
4.491046
7.997254
1.907480
12.904622
3.530078
12.711818
6.469267
5.840885
7.080348
11.466372
15.101772
16.687531
1.762227
16.912487
14.573922
10.876206
1.099599
1.542944
4.653299
78.181592
8.703556
3.249244
3.701736
2.539512
115.893121
10.710001
5.145526
1.830989
22.378170
5.884282
26.038442
16.710941
8.947914
11.059135
31.140996
4.114607
5.193506
1.648144
3.979973
29.986609
3.528691
7.186638
4.888942
4.625161
6.506009
13.293066
13.308253
19.153592
6.252988
7.165635
18.978284
1.010526
1.015774
5.146478
2.571669
9.074811
1.719409
4.125769
3.552656
9.275404
9.653951
1.305585
36.794520
16.967509
10.335067
7.864609
1.817052
12.142809
59.941214
10.276412
11.871633
5.376754
6.745413
35.237492
3.264375
8.263115
1.871589
7.556462
8.272044
1.871501
26.437971
5.359528
8.767556
38.194436
7.457714
5.330112
8.027763
5.805214
2.495097
4.408880
9.707678
12.975553
0.817173
0.563057
8.359130
8.337668
0.812413
20.702469
12.650046
3.562506
19.693754
3.279266
8.619337
14.100703
3.471055
0.629666
4.734364
12.802659
61.132326
5.234187
7.355109
4.483334
10.246791
24.992896
3.097896
1.411886
9.057195
2.097578
8.301659
3.271155
4.362873
1.088502
6.372857
36.252124
2.757095
2.826770
130.652824
2.541064
91.047533
1.141225
5.032849
2.972249
6.934321
10.179431
49.187551
6.415815
43.272051
5.246875
8.196636
3.373424
35.100236
10.669055
1.685583
5.978201
5.897651
0.735467
3.656688
6.301570
1.853423
21.869092
2.137702
5.749474
15.826351
0.988588
1.739760
22.597125
1.292729
17.051999
38.120360
1.436509
4.433052
7.437329
7.067010
72.161213
2.919343
1.174534
11.548584
1.897813
2.670118
9.792656
7.430420
20.799713
4.131095
10.326298
0.690044
15.797692
45.437928
4.696985
12.443802
18.133932
4.437318
4.643833
1.927932
9.601488
2.649274
2.774007
1.484580
5.739687
22.534471
87.399765
7.979354
3.095037
3.656794
7.967629
4.401984
2.919173
1.269012
16.243114
9.274591
1.071270
13.744168
27.376955
1.521985
35.031383
113.600810
5.882345
7.850423
1.967054
7.085275
2.796472
11.973911
40.730918
22.559291
7.901294
1.594684
2.384020
11.409186
6.528474
20.357070
3.328302
6.188777
11.082128
5.067330
17.179466
4.257103
6.822816
10.505703
8.245902
6.923901
2.591590
8.315481
5.619308
6.203942
8.950294
6.915673
8.176045
8.844961
14.675286
4.920342
23.634751
22.144373
2.458990
3.464386
3.380809
43.623771
8.631047
9.636535
8.159297
2.941527
9.233979
62.570707
6.874163
1.778029
22.285668
5.655409
7.285514
58.874790
11.620718
8.640019
18.541022
8.367070
32.513399
11.932459
48.741811
1.087039
16.856508
30.394078
1.787804
1.210608
0.724054
5.219262
5.180994
5.418717
22.797950
4.111217
8.622166
0.975776
2.049412
1.672932
1.271969
22.505216
3.376679
6.964668
4.060913
9.679929
2.205516
39.786483
6.023713
54.724619
1.752614
1.554125
1.502263
15.092390
31.027240
2.220734
17.408552
28.520958
16.357133
4.677781
36.942609
12.545932
17.469136
11.316256
13.929443
21.288704
19.323317
1.536140
17.180467
12.372082
61.488839
4.423794
1.175061
3.954794
9.207989
40.451148
66.967321
6.165471
8.253297
12.304777
4.305783
4.974248
12.800237
26.402796
5.182953
11.330719
6.607070
4.399656
41.335734
14.140560
8.955136
3.855215
19.931457
2.435700
11.142450
6.076400
16.353217
9.843490
6.371612
28.457315
7.360276
9.103245
17.032813
22.101961
9.298808
4.881706
2.803278
18.552332
13.238552
9.815132
22.453882
4.632689
24.708433
2.269247
1.724857
3.299743
11.106196
4.602362
18.609009
5.341780
32.484900
12.388646
5.073659
0.523559
8.756618
13.155451
7.376436
356.811201
20.051471
3.011860
7.602854
34.088709
12.238365
5.675884
5.554670
5.816731
5.450619
0.615336
32.415452
7.754758
43.724699
7.825868
8.707841
13.229473
5.678865
13.973127
18.062739
9.245936
5.768096
4.957318
16.577570
17.480538
31.328013
6.323999
8.868118
7.439524
3.153365
28.144116
6.913362
15.003330
0.312342
35.142030
11.650338
6.711093
1.836302
20.759561
3.694492
1.525684
13.060675
4.548455
9.378410
2.409801
3.539921
0.701237
7.894688
4.195868
8.116284
5.601112
6.655715
11.163381
7.567742
16.753999
23.387690
11.620974
5.998093
7.675844
3.238932
5.249545
14.975057
2.933261
5.660796
11.818326
30.089710
4.893140
3.788899
2.424866
3.423856
4.371381
7.150839
19.490827
27.084634
3.076830
2.753266
9.128478
2.141425
4.683338
6.155162
1.043619
2.585100
6.987530
41.651197
53.429093
24.997639
4.351253
13.503418
1.221877
12.645942
7.426971
47.684887
12.246354
34.237149
16.141533
19.598605
3.159409
3.925538
6.673253
40.257120
10.566471
2.725683
1.927574
15.397547
1.660785
0.861548
4.160596
0.634426
18.221124
5.310069
8.658365
15.568403
4.254243
3.440852
5.947582
6.112232
3.628793
29.521597
3.014913
13.335498
23.464717
2.395111
5.294586
11.735187
5.363809
10.559718
7.831574
4.474057
1.497000
2.759562
5.864709
1.676435
9.457250
19.685402
10.939024
7.515499
8.919323
8.989130
2.633998
9.275226
3.102546
8.706515
6.891592
4.309215
4.222576
20.670566
6.862126
8.824644
6.597354
0.486155
6.926572
7.652043
6.991448
20.389278
6.714696
1.391825
2.237614
61.018289
8.145543
7.766367
6.045609
22.862315
2.776184
8.819629
3.258699
10.146480
11.867239
22.233372
17.141321
21.568952
4.536028
9.038339
8.992939
8.822990
14.195311
3.739447
11.651601
1.559665
1.664844
4.856919
16.731201
9.894754
10.204576
1.575752
19.847926
2.535331
29.339989
1.214605
1.585778
2.994524
18.133421
7.528401
25.684064
2.881914
26.184402
3.921287
6.518880
5.505572
12.916635
25.461143
2.501582
3.893618
4.854658
3.500546
18.327731
1.570054
18.404177
15.241509
7.649004
5.806958
71.933319
8.118009
8.206469
10.507749
2.640004
9.637814
2.068098
89.245398
2.953148
8.559587
25.952447
7.926281
3.883270
22.799638
17.164446
2.568091
2.182119
6.181360
13.467000
13.179632
11.132461
21.983670
3.833087
0.903224
1.362293
16.650463
23.387595
6.405051
14.643945
5.705032
1.663666
36.795079
5.166118
10.017230
1.332335
17.655800
0.643846
1.428286
6.878625
2.912315
9.836856
76.040578
9.276888
41.511795
3.491126
23.345891
6.855903
6.473462
9.151645
7.504099
14.957258
16.434397
7.506647
8.028021
20.658458
3.037976
8.240324
11.146966
13.007034
29.310268
25.548472
7.893204
5.030693
7.077016
4.417283
19.787050
35.060692
11.177920
6.585986
2.410736
38.518531
3.285862
6.986439
6.036897
4.778513
3.808422
3.212708
1.881204
3.733925
2.359624
9.082447
8.018853
3.460069
7.809885
5.018260
6.077112
1.058358
2.661227
23.758580
3.475001
7.089639
26.174630
15.251179
6.279643
7.230960
6.029944
2.911241
8.260788
2.690552
6.232633
3.544192
3.997533
9.692088
3.959151
182.570478
1.894631
10.643033
8.784783
7.762414
3.019250
12.878177
49.055912
5.299421
5.636484
0.977755
4.352024
5.928920
9.504220
1.639684
9.405613
3.909601
11.630368
3.994444
91.941401
13.661539
18.074443
2.448391
3.202721
26.346868
15.273391
43.786833
5.012357
25.934136
7.736613
58.701163
1.061808
7.970751
5.970260
3.572304
6.289817
23.227786
14.207894
5.639228
5.467429
6.152918
14.983741
8.059153
3.943876
5.101145
8.546452
6.785350
3.313417
2.169012
2.709190
1.983579
3.344632
3.517754
3.300546
5.464514
6.885394
5.831733
9.942036
17.625719
2.703116
1.331140
41.000955
23.462823
3.199007
4.288791
10.459616
3.974060
30.210395
1.569133
62.994683
3.916529
6.048154
19.014195
7.613126
1.435879
11.706593
1.634891
8.400345
10.955867
0.817950
6.275504
23.866437
25.762958
19.579765
11.242416
15.107572
4.303679
1.270247
30.618715
6.857769
4.105458
2.759163
3.953798
13.953771
21.871584
5.223066
15.764547
1.206894
9.344112
7.176994
6.689208
27.617074
3.140173
8.903801
23.135406
7.142980
27.060043
12.308486
11.364651
6.446772
14.466711
10.217829
18.919573
14.018584
10.856900
1.352495
7.668538
7.937759
13.980848
12.152065
9.216363
18.083936
1.171254
2.726495
3.518669
23.402322
15.920807
13.413216
10.449302
3.743152
15.499293
3.312417
4.719061
14.832483
9.773797
10.744882
11.857329
4.211466
4.388418
24.671127
3.437520
17.357120
8.711354
10.423954
8.704278
1.926454
6.408511
22.693581
5.148435
2.022065
2.918027
38.290752
4.596445
7.824658
5.658272
1.150646
12.153925
12.194111
2.650420
3.035797
3.754433
7.747470
7.150301
12.139374
3.509784
3.301631
1.690404
9.033448
1.135750
6.744639
14.189154
4.705145
7.580002
20.169242
6.021573
4.817575
7.411396
5.757525
2.551777
17.595991
1.615287
11.948539
23.453833
9.240630
11.088512
10.641001
25.441329
26.362951
5.560735
27.341267
78.569951
3.939277
94.958905
7.074365
5.166221
5.845059
4.912349
11.743063
3.242480
2.745916
73.782212
32.593098
5.541546
9.129587
8.304980
6.952588
9.481528
6.590034
3.065871
1.525314
2.952715
5.874241
8.916256
12.122711
32.691310
7.062819
12.916657
8.932388
13.902502
7.442781
1.640015
46.159758
12.731320
3.752398
4.241628
4.643346
12.900459
13.351501
30.659428
3.416510
5.792853
9.422527
4.944074
4.255866
4.095515
6.578675
56.224135
1.683881
4.697360
17.588649
10.461168
2.833195
8.146356
3.997078
3.964740
4.078361
9.895979
15.969753
47.492159
39.895032
15.131125
3.269288
4.424534
1.967295
5.018847
4.853351
84.610713
6.583248
34.540780
4.644279
3.036295
7.108460
27.035408
10.603349
15.656534
9.579452
2.308717
4.515486
4.122212
17.990366
2.100842
8.260446
1.225520
15.259283
5.662226
4.073991
22.468714
3.472073
4.661669
56.995494
26.592496
5.247885
3.293916
9.493972
4.635721
12.355134
12.396507
7.527142
2.195138
35.131412
2.808168
8.247926
4.318705
2.120935
3.455947
4.318656
14.663038
13.867603
5.078954
2.117996
24.047590
10.245586
16.181044
21.856003
9.454100
1.436470
11.219622
1.739932
7.103381
37.327347
1.254626
17.190701
7.576838
9.672910
4.245257
50.510411
22.522062
7.064907
22.153199
2.629849
2.090691
12.583262
6.663992
53.292340
2.150627
34.476645
7.665084
1.926862
14.262548
15.490816
17.372444
19.985216
3.054200
3.144657
49.761637
10.684861
4.871322
4.763042
7.206375
2.802135
11.084683
16.895684
15.476551
9.472113
22.366227
23.285597
18.772150
13.705996
1.739132
5.741719
8.703748
16.128868
16.975540
22.196545
19.314824
26.651165
6.644852
14.035997
8.016277
4.639003
3.904750
12.603212
7.609112
1.613136
1.588777
11.615012
35.214423
2.343825
10.670645
4.814915
1.648466
4.507345
6.842131
3.711423
31.072118
11.381384
11.367849
11.865779
8.773015
38.872618
8.107395
1.042698
5.549607
0.292106
6.467296
2.275745
1.070293
1.440898
3.812247
7.854187
6.027451
1.071319
11.294611
3.108656
4.900349
26.106965
8.040513
4.991779
25.117543
1.513662
10.845644
10.130683
4.630556
2.674838
6.622761
3.510832
4.258840
31.507619
10.770290
7.688651
4.967891
22.220535
2.658128
1.398282
7.579090
19.674180
7.082915
5.959923
48.705164
0.343950
6.737678
27.290343
18.753900
26.048112
5.973373
3.820442
19.692674
28.909344
6.050366
13.646930
15.130794
13.791022
2.909072
2.750656
5.568943
43.266597
8.066381
11.108977
10.064366
0.941429
7.081684
5.340872
6.885625
24.340008
10.858549
19.432753
12.818326
5.258511
10.987222
9.647163
7.766165
1.137302
11.541592
27.518671
2.016648
15.287611
3.679390
19.818275
5.504414
4.885606
17.825963
2.596884
13.106995
1.664805
3.735924
3.374223
9.458119
16.974919
0.873277
4.685948
2.056410
5.121703
2.265857
10.820269
4.037555
4.749487
34.506539
8.042909
13.924567
5.666512
12.123198
21.040830
3.147558
3.198997
2.287750
1.848172
6.228226
10.607132
23.908696
12.679498
4.572501
5.718253
7.247138
28.118171
1.622568
14.408283
13.240170
3.377404
2.582774
2.121412
4.542236
20.987703
10.552965
7.258674
4.247817
8.470826
18.848705
8.404558
13.892572
3.878287
6.992442
12.234077
52.919153
3.864257
15.834706
12.933379
2.039013
4.514188
10.646036
48.743237
8.219947
4.477056
14.107182
28.625264
5.526097
29.671947
5.677522
7.080426
34.817773
15.665143
18.504107
74.611220
13.900343
4.249010
8.806155
0.415889
14.089124
4.750971
11.308828
14.803838
10.601169
6.155800
7.325565
4.224446
1.576322
2.590519
3.632505
23.319223
7.296040
18.474132
7.508804
39.107670
1.375897
13.539737
10.238243
23.571761
12.780580
11.182952
19.236598
25.829732
4.358707
82.457985
25.132933
8.254643
129.255454
14.138940
9.126380
15.355766
3.570162
2.679739
43.413533
10.429829
57.201234
3.869756
37.196680
5.166139
9.900840
11.571994
23.336067
10.832520
8.624299
14.812457
5.223952
5.457482
20.389224
9.004758
5.025759
3.064494
16.310547
4.594072
5.860258
5.914559
7.231729
16.831991
1.699495
2.196782
3.561896
10.373226
5.432659
60.385276
1.717656
2.365999
5.486692
13.827681
51.587907
4.664111
8.731098
0.489144
16.032361
6.855150
1.896119
9.955047
48.198715
49.181464
3.205149
13.183341
13.863142
6.920968
3.077621
10.741724
8.703114
3.310298
8.900509
10.477334
38.795143
2.610503
35.934024
3.987439
4.936830
5.449112
1.355744
2.861768
5.895660
13.605558
4.224485
32.192991
2.315062
0.180272
2.756033
5.335988
9.206036
3.573944
9.507991
2.291438
13.461605
5.023438
2.122826
18.601561
54.035439
3.689919
3.804193
1.376866
4.865827
0.741321
31.548433
4.405595
23.784970
4.395600
5.161494
3.141811
4.578659
10.183037
13.786711
9.545321
2.017596
1.379788
0.645345
4.678488
18.531524
11.676656
10.738631
2.559728
4.672671
2.802999
11.547345
2.710434
7.767736
2.680293
2.509074
9.625798
11.125484
2.047835
2.502365
7.293072
1.778589
2.793486
2.103734
15.610475
5.986145
46.218648
4.977862
1.808961
1.326931
9.759045
4.438596
3.144204
2.037666
19.803959
22.333765
40.538379
4.546212
41.809911
46.581825
4.499490
4.810291
9.584461
36.023160
13.543448
1.904084
41.627297
17.784497
10.723207
3.168363
3.995802
6.151209
12.914710
4.441675
2.449006
1.331143
5.749594
77.721376
3.642433
11.498138
3.904427
20.936446
7.603836
2.988663
4.071688
7.430928
25.256309
1.744905
1.510652
0.923791
10.227517
8.300356
17.019225
8.268605
71.530163
1.514262
11.901608
10.074876
13.974119
16.200837
5.312765
7.945216
5.160983
11.530132
0.903246
4.291358
17.718106
12.876274
4.274275
12.710548
15.071169
18.135570
15.916409
4.917791
2.681767
8.734007
5.028820
9.341809
1.637994
33.724014
26.825183
2.999672
7.179480
0.781481
3.069732
4.918833
41.784159
1.919952
5.505963
1.183898
4.628679
4.704578
3.882247
33.525637
12.160310
4.020709
3.795386
2.533733
4.306349
4.436101
12.649255
5.685806
16.187629
24.531146
1.816764
3.547233
12.608403
2.689843
39.486674
3.371196
13.727842
12.098448
17.749356
6.338232
5.920772
8.459776
10.151381
17.198793
5.758078
3.078217
1.631744
9.168009
4.194157
2.958319
6.176008
4.570492
9.771931
3.877658
44.343001
17.732213
11.517531
18.654355
17.345773
17.250913
1.890821
15.517316
1.963299
1.546296
6.837555
11.236924
46.382833
11.115224
9.226130
6.993117
1.902405
53.304240
22.647204
14.296031
9.733803
16.603663
9.069118
10.592580
41.796382
27.849197
8.174514
4.304857
21.318294
0.923065
4.740598
14.387574
2.058002
2.045416
5.297940
3.622799
1.651896
41.220103
8.125444
1.117000
7.315392
11.676870
16.465817
2.967228
7.759384
6.398399
7.258006
3.281454
13.868552
39.132158
6.100092
10.427557
1.394939
9.961936
32.360994
11.963769
4.975140
14.288982
8.455250
3.806508
3.512934
7.239522
10.394556
17.791576
65.387577
3.378727
1.004945
5.575921
4.021974
4.548140
1.645029
22.849143
2.264017
2.968678
2.451046
3.380091
4.424159
4.081639
3.938000
8.493461
68.567246
15.196395
41.903477
0.239405
24.084844
9.786197
4.999345
19.411557
18.821448
9.274060
26.160626
5.139579
9.936428
8.071526
8.508040
1.842062
7.490795
29.761915
5.701882
5.531507
5.557714
16.941254
3.978751
1.061356
7.454236
18.876659
8.769150
18.196287
7.398948
17.707924
35.789042
3.158419
4.181637
14.908509
1.703707
10.562131
20.795180
7.812229
2.963874
6.014393
6.436276
17.184008
10.065780
21.908275
81.713260
9.861321
6.473918
6.282610
9.396121
5.580692
14.296877
10.244576
43.189422
15.108969
17.063330
26.014527
70.675855
10.418041
3.418475
36.452187
12.366355
3.973050
11.856366
25.452046
9.817883
1.357752
8.093331
19.962743
1.037064
15.729064
3.999661
0.447245
11.916212
27.144603
2.611630
2.203270
6.824463
8.674824
7.775781
15.450996
22.208723
5.522669
8.932131
3.703018
11.685821
11.450479
21.819948
9.283486
37.308119
5.112384
9.483598
21.762112
13.162264
5.426666
22.549088
7.322192
56.363814
5.971124
1.337008
3.035155
5.203647
2.798143
22.313276
3.300729
2.373139
1.183065
3.527553
1.195438
5.761040
4.465735
9.692248
9.115409
4.066427
3.964567
10.992623
3.342063
2.579094
6.641143
5.393143
13.410431
3.051896
35.839202
20.673867
6.413398
1.865782
26.284901
9.355629
121.845808
3.134174
10.407143
15.522117
2.173432
12.973653
2.521262
4.804854
11.774918
11.875077
7.496136
2.037997
11.295548
13.577158
17.321976
7.581162
23.523676
8.870430
166.444358
1.576140
104.059050
1.354214
19.793752
1.882413
3.700347
10.174047
7.931302
34.449136
7.784266
5.856872
1.986800
7.645706
0.479374
16.779792
7.486263
7.832694
33.995616
5.264909
32.174371
3.118155
10.826720
7.357269
3.149268
7.606113
2.026107
1.039024
8.608072
3.603185
8.240127
5.629492
27.987205
3.791011
5.070384
20.171385
4.278020
23.021227
3.007668
4.853978
5.614454
44.037485
28.016515
35.864687
9.978785
8.641831
2.612718
12.496113
7.126333
16.943518
13.043819
4.810981
5.223493
0.953712
2.578843
19.450675
6.230556
3.487368
1.384803
6.731757
42.319253
1.281986
4.138905
8.935155
10.159895
3.799258
92.831300
1.780405
21.251749
8.453186
10.522790
11.405879
9.522471
7.304092
0.543103
1.862074
1.277537
1.563976
8.035794
4.685035
6.030784
18.557107
4.091666
3.063560
42.054855
8.767918
8.175649
26.620054
2.420781
1.275127
5.576015
11.150674
7.043532
13.395237
39.971142
4.690194
4.140438
14.943356
0.740384
8.010809
5.049402
2.994180
6.046981
10.119492
6.156321
8.324685
3.375076
5.622457
5.983061
3.139404
6.099106
4.491414
5.512465
8.823307
4.970711
12.114791
2.188486
4.751668
5.244429
22.122655
21.754735
4.114845
12.747478
7.411792
3.826580
12.129141
4.389739
7.031977
8.210580
12.594793
1.594905
8.142514
10.388327
6.315515
5.619180
2.754678
3.559062
3.017983
5.186792
18.916653
2.929985
8.014839
1.017822
8.969925
16.705066
13.946190
12.546288
22.627281
8.411939
11.151974
3.385297
15.409792
29.495868
0.828231
6.228696
12.839034
6.550978
96.015803
4.183659
6.779161
5.266447
5.161464
4.399707
1.162342
2.340760
1.724711
4.495772
76.520132
10.001954
16.194463
9.935518
3.652817
1.420279
5.416952
2.477135
13.084421
24.991007
5.275018
4.014621
14.562789
8.496220
8.018580
1.904369
5.410326
14.378578
12.719265
3.165239
9.269522
8.006134
61.668430
4.624443
1.976722
4.719518
27.972948
8.319087
15.626686
4.343901
11.679586
48.587990
34.963757
4.482995
1.480152
6.157776
10.504237
27.425770
1.926647
1.633162
4.050240
22.424696
12.853009
15.239692
42.697765
6.725672
4.640012
11.862984
9.617505
9.117672
26.153803
2.711858
7.235834
61.909827
11.402668
4.573875
20.234879
10.054988
19.655227
6.368714
4.321768
2.650893
16.629986
4.148660
1.118815
4.930050
9.060930
22.038540
17.562197
16.817403
2.652539
1.370358
7.333092
7.488787
2.917031
1.521704
4.905918
4.116091
9.133659
1.366134
4.180892
3.639221
17.932851
4.702805
8.381735
19.998842
41.403810
3.011440
13.155236
26.506958
4.073830
5.638607
8.361781
4.618439
14.810546
24.951051
15.568284
24.247316
4.339308
2.698063
4.413716
9.723347
2.104867
1.025431
2.542527
19.525639
7.657865
12.265780
9.672820
1.530461
8.051052
11.076097
2.367090
6.983852
3.828059
11.330414
7.894493
2.892242
7.320194
0.332754
1.806504
4.631714
14.712856
4.261825
4.271214
3.148549
2.019001
4.725083
3.966135
69.017183
4.101133
12.897806
13.181953
6.593272
1.493432
8.388917
1.940396
10.736394
7.237308
20.066483
1.418437
50.743266
5.413669
0.790030
5.759598
4.206400
11.914961
8.779311
49.118869
16.956085
1.473339
2.044284
1.930032
37.478804
3.668015
24.055545
4.281822
15.280768
3.986145
5.732015
45.158888
2.180467
6.609641
14.543002
38.352347
39.970769
2.791856
7.012484
5.593932
8.346303
4.024318
25.047428
40.188419
15.061211
3.606373
15.998667
4.402064
7.184950
20.166884
11.796492
20.058751
8.257879
1.514080
28.245555
1.959059
3.271676
3.865051
4.287311
3.903933
5.023981
10.218945
18.709733
6.680438
6.405190
2.743456
10.973174
1.985511
30.754369
1.287524
16.539169
10.538552
4.940096
13.932354
1.550988
3.473106
1.420646
21.890392
10.907798
19.721549
2.172032
4.642994
6.579361
6.176737
21.569764
21.891068
20.443093
25.126713
18.306384
6.661582
8.920718
28.134408
9.661064
1.665751
18.139914
5.909284
3.715216
8.594759
12.794399
7.543132
2.559198
5.352278
4.553714
1.124443
6.289384
6.897020
4.021710
0.556673
1.854270
18.384789
13.653609
13.300488
9.241639
11.365127
54.081184
5.338361
1.303517
1.757956
8.512412
3.968025
18.611225
6.381751
1.612662
8.657725
5.650680
7.096382
11.844003
27.413440
8.511808
3.133773
8.372522
9.447884
7.038003
1.367013
26.550606
72.921607
17.221943
10.955018
3.680892
8.570146
4.712529
5.329649
8.411760
0.924201
3.141996
0.494376
29.822687
50.717260
2.457186
8.225459
5.563259
3.156672
8.769069
56.564235
14.171380
4.828829
5.166173
5.444842
4.905538
3.359953
3.263160
6.945670
6.179072
3.601858
17.359198
7.791546
46.902135
1.669829
8.679981
19.443600
23.020279
5.186575
5.576644
4.355839
10.119915
6.081722
45.636753
66.123056
4.251612
10.391751
9.075352
20.641715
10.991848
8.073848
13.542647
19.312355
7.466248
2.698397
12.674524
19.523499
25.216450
8.882645
1.638903
13.538539
38.182194
94.113114
25.042473
3.987272
4.304156
7.670839
50.501932
5.820745
5.552346
18.484525
28.113077
18.203960
3.360854
5.996930
13.320331
4.026483
20.860529
13.006023
8.450979
6.914758
5.504760
5.773754
18.445272
5.346042
4.944580
0.970160
40.502934
13.007196
2.903450
3.381362
12.310621
3.400696
3.201128
6.952319
38.247814
20.911832
9.396316
8.134132
29.440077
3.066263
16.040159
27.780733
27.810302
7.153478
7.283990
6.586251
5.226362
8.586914
6.501690
1.837009
1.367074
4.088270
16.564767
4.118193
5.642559
10.228159
3.661685
4.624933
10.799956
4.961621
14.912193
3.168771
10.678853
38.503326
19.734583
0.827524
63.125496
7.165492
1.449878
35.215673
18.834875
6.825422
8.425013
8.186917
16.480024
4.492546
17.089416
9.871565
10.388427
34.419006
0.480265
5.014766
16.884252
8.729242
6.048215
3.726643
3.542494
5.833042
40.951713
2.684727
21.014735
75.201487
0.774714
3.597070
11.040763
6.015848
12.901180
8.957167
0.912151
2.049804
7.257675
2.272433
7.898342
8.076665
4.218600
11.830738
11.790737
4.148675
7.404002
8.680433
2.159649
35.587629
5.951894
1.026695
0.672158
3.913710
0.891701
4.646839
6.103701
7.111812
26.782544
10.473190
1.922680
0.289876
1.744604
10.417648
4.582841
2.503325
0.692364
82.082940
21.664718
8.419540
4.474876
46.573690
4.401407
3.999895
7.956453
2.131824
12.891737
16.965929
26.200972
27.194434
9.522068
6.979494
3.067131
7.949942
43.559670
8.439727
5.683519
2.170801
3.649237
26.050800
6.086659
17.947002
5.862003
24.712197
5.834712
3.957493
6.322110
3.200008
7.311301
4.483448
13.365511
4.878801
16.617620
5.540014
16.650126
1.570220
54.367986
9.108038
7.356147
62.329429
4.143125
13.253513
4.220701
1.814792
36.162347
7.971642
3.368263
6.606529
19.908949
1.306945
1.131558
9.496757
4.378701
41.406263
1.313405
43.420327
10.761901
3.626774
16.284548
1.916810
8.154144
5.237615
6.379971
32.221216
11.080068
7.537082
33.564252
13.948288
2.755993
12.800181
27.932032
10.645526
4.084845
4.840097
5.497217
16.277439
6.013600
0.595315
3.907826
25.857544
31.251321
1.320813
3.232939
5.450712
1.352395
2.468192
2.997794
3.063670
18.937519
11.577862
2.737192
9.082686
9.309164
1.263084
7.195732
5.252259
7.365823
2.395760
5.130151
19.388293
14.009285
4.960391
2.071552
7.640514
5.550329
8.498557
10.034164
9.740508
7.599225
12.910374
0.597687
6.346106
77.418700
5.374897
36.067136
4.211460
0.345302
2.221612
5.995951
6.803839
10.844251
9.893245
7.458395
1.399938
1.625558
4.883209
3.273348
5.812945
8.116958
5.143534
3.310759
4.819501
14.120869
5.075768
7.310162
4.732046
5.099999
7.165976
2.885749
8.138060
10.854877
9.872710
2.420537
1.824915
10.149024
3.796559
9.132320
94.419010
5.282716
18.063696
4.465468
12.357453
2.545367
8.236328
8.142512
23.261276
16.866663
0.886352
4.641986
60.437589
3.043073
1.887355
9.355717
2.561498
58.375046
47.866625
52.447559
7.596845
6.506143
22.218942
15.175962
10.106651
17.946480
6.906674
1.890607
10.599668
13.531317
3.331533
24.569012
6.714661
13.185236
3.991497
16.426168
8.837167
2.395224
5.438034
24.281808
13.610297
51.195670
13.343353
2.558182
13.544762
9.891512
17.689786
5.595813
7.632804
5.791404
4.404589
0.621806
5.261260
9.265014
14.139964
4.532273
6.033011
1.353577
0.669604
2.571147
11.437822
1.848344
15.807240
26.378172
6.316810
2.627794
7.384507
26.974124
1.296958
25.057696
30.552218
27.995529
1.312548
1.656624
9.194105
19.124420
0.629206
39.743056
20.379095
7.410718
2.547973
49.609249
4.139760
2.489503
9.858917
60.237466
7.678789
2.657905
2.494670
3.538314
12.093650
5.393741
1.016656
1.012084
42.722325
2.434587
5.468529
7.308868
2.468205
1.268125
0.198215
5.629236
8.695909
6.458094
26.165519
35.131559
7.729793
3.489753
1.144358
3.895539
1.816666
33.149146
13.013072
1.970881
31.736980
4.728833
5.966970
4.239592
3.529217
21.754015
3.058399
9.596544
11.685387
0.825357
19.813465
4.536125
3.986141
1.929552
26.182068
1.407297
2.507666
4.701863
4.164845
3.200996
24.804346
10.893927
10.807159
1.393399
3.504705
12.963280
6.496135
69.354537
2.701568
4.480642
23.114242
16.688273
5.618978
7.426469
12.915720
10.992629
3.440948
21.463024
7.471575
8.827021
12.810454
6.760354
14.099764
0.922251
5.830971
46.389621
7.161801
5.330625
6.791940
3.133113
2.765734
6.337982
2.698226
17.861483
4.145152
5.109522
20.485445
8.932289
5.065254
25.233965
50.119570
2.336045
33.719317
6.752068
3.354303
3.417800
9.385544
3.869905
3.480861
6.621373
3.137419
1.114964
10.893389
34.193035
0.704672
56.199864
12.182268
3.900788
34.625984
5.961683
6.030867
3.908661
22.175725
15.432837
3.731997
10.522973
11.592612
25.770586
6.798474
3.740811
2.292246
4.689081
13.007273
2.620856
32.861061
5.862975
6.212796
6.162600
10.286329
2.073672
11.682769
4.412074
3.063887
8.467293
2.921174
7.783186
37.538893
4.820306
18.440165
31.716895
3.920354
4.483292
7.621919
4.682899
13.035662
22.713245
4.698104
3.746294
25.251425
1.104076
31.759296
51.520397
0.868734
12.367538
25.942589
3.372977
2.300574
54.377797
30.729079
18.069215
5.008191
4.168016
7.362621
15.405394
26.580205
8.570449
2.902939
5.715613
3.019354
5.211525
39.343946
3.599350
18.418191
1.866572
6.698104
2.636031
16.836209
10.648068
16.442701
7.154511
13.432742
35.192068
4.585187
7.940984
2.370678
15.717212
25.114246
5.893180
11.362140
6.299452
5.403642
16.954710
22.759890
27.854548
3.897952
3.971629
12.207155
15.737272
5.212023
4.628135
14.145076
27.830966
20.471145
3.934202
9.981935
14.594980
9.126685
31.062233
6.818775
9.670267
2.584624
2.494897
10.859177
9.564276
3.282288
6.531634
23.727877
9.649897
59.848690
1.638804
8.954792
17.460555
9.286231
0.802361
6.739940
7.456507
2.914579
3.784614
15.978783
21.456405
7.221945
4.051995
11.499862
3.966308
50.162981
19.860469
11.685941
8.720723
6.442507
19.034044
4.556396
10.885550
5.129028
6.818768
35.918609
15.024886
1.966269
2.418839
7.081079
18.285346
4.281725
17.195881
10.377160
3.771465
7.956762
3.676074
1.822493
4.686964
22.246963
2.375082
12.768581
8.850079
7.933390
2.328841
17.357799
4.500150
25.143603
12.886033
9.414762
1.671134
13.214758
38.247209
22.927064
7.706346
13.902748
6.629047
5.368568
4.614034
5.203087
21.752022
10.960502
24.821186
29.499865
2.535584
6.970541
1.848918
25.519625
35.270700
16.119983
7.587519
2.687034
10.207059
8.684624
6.145177
9.756796
6.662698
7.698696
8.777354
4.021501
1.121508
9.851422
17.769009
0.790167
20.967370
23.942937
11.024701
10.259129
28.444276
2.666756
6.868352
17.033268
12.569258
2.758163
3.138566
58.291902
74.537521
8.739270
51.638913
3.105477
11.245605
6.759157
63.069597
32.629453
0.681152
1.101330
10.235045
3.475081
1.108364
25.227608
18.831800
8.787012
11.049734
5.829089
14.416668
4.480876
5.986956
13.438628
28.098576
13.120627
8.653487
5.704804
29.220518
12.039105
6.349265
3.707102
9.915558
25.435669
5.788316
5.213768
11.032964
25.652262
7.961493
3.256154
17.909335
3.733626
5.128080
6.713276
6.832432
4.633792
5.543092
22.318320
0.453016
15.059972
22.877754
26.588711
59.079602
3.192979
4.655555
19.563388
3.920726
8.672796
3.731686
18.093497
1.546031
9.632323
2.181596
13.377140
5.916535
2.855214
5.994156
81.956983
6.490696
8.924453
11.572869
13.693742
6.045906
11.827115
12.162452
9.962087
7.079833
3.900270
1.886436
57.129127
12.490916
11.337808
14.546238
76.487316
3.386408
41.204742
1.806272
2.816662
2.514491
5.585510
4.617729
6.647417
3.352189
2.584030
12.627511
1.682598
7.736062
23.308763
6.651731
3.458713
29.327358
20.797399
2.456644
22.949610
19.286631
4.223269
14.238069
11.516437
16.670602
3.254722
9.101936
4.568904
7.832548
35.520219
4.203641
6.641059
2.159139
2.996385
2.596413
8.359718
3.265270
4.118505
1.599389
4.458473
1.073583
11.148469
2.459933
30.355339
2.444729
6.931327
8.279207
8.836399
3.353609
13.144036
4.302658
6.230743
42.964314
5.412540
5.267717
9.987494
6.291984
3.735232
9.504430
5.639771
16.368179
15.596469
8.489028
4.498130
7.328828
2.657915
5.611579
2.657705
6.150192
13.333201
3.308240
3.244267
2.779003
13.763140
3.232792
7.303680
4.199198
2.268962
6.979376
16.723655
16.593346
19.880995
25.769818
9.055876
2.026087
6.867913
3.776386
5.322372
6.021157
17.094333
11.336850
4.479696
2.544147
26.637335
5.156418
6.157663
2.545139
4.774383
7.773942
12.185958
3.206261
10.376028
16.433138
7.355666
3.555730
2.701692
5.875235
4.754626
10.931248
10.684471
20.140090
3.610168
1.719112
19.533939
3.440376
3.007819
31.254734
10.066966
6.031837
39.892781
37.001345
5.017082
4.143751
8.891987
17.612007
23.836645
7.703570
24.245359
2.271850
16.378534
15.777418
3.742502
6.714492
2.478827
11.456694
95.265834
8.561218
3.114365
8.408451
7.052200
83.628839
3.397170
11.126000
46.351104
33.058067
11.598414
3.122200
22.726677
4.846738
11.786064
7.189332
2.853396
3.249095
34.116696
2.315033
12.446344
2.623017
14.147389
37.145509
4.240750
37.332614
17.666952
4.415504
5.315262
1.675122
15.516777
4.317335
18.802013
21.622127
47.920540
2.758094
10.717777
8.911831
34.039838
8.381436
9.041555
10.318555
12.767351
7.623270
4.525359
6.288396
19.241327
21.236272
17.186191
3.865898
4.396874
13.848706
1.293200
11.777162
1.647400
23.809871
2.423207
1.821281
4.121217
5.835185
6.496731
15.267365
3.874538
8.153716
7.599057
2.288451
9.008048
20.919394
17.636922
6.628296
2.898470
2.764490
2.615654
2.028190
8.068681
11.406027
35.988053
5.126019
2.511237
2.203132
3.521599
65.899423
17.474236
1.407330
4.473418
2.207685
6.774334
21.108910
20.452397
3.026388
18.605937
12.771641
10.905187
6.857777
3.121125
2.777388
1.854959
1.585708
22.071372
40.910550
5.832942
5.149390
10.608945
7.945400
7.851079
34.253671
18.396060
4.264047
1.449468
10.784582
2.210169
18.758232
7.448368
26.588566
6.751226
9.107954
34.611452
24.335017
3.441514
1.600773
2.465325
6.907526
9.890419
9.873155
12.995720
2.282595
6.705071
3.212753
13.554489
8.799533
6.762359
7.755089
1.023690
2.448015
11.979299
9.406086
15.597970
7.887565
13.123602
17.165832
4.694326
2.499545
1.627855
21.744112
3.431476
16.818330
2.869155
4.683860
4.942557
4.761075
7.103219
4.339859
5.067398
37.054756
6.481857
34.040594
2.427210
17.215264
28.255312
1.916890
3.669526
7.050519
0.564113
21.651360
24.319147
22.267490
18.671971
4.147452
2.644571
8.590620
6.003835
4.795726
7.984074
6.781734
13.392460
1.363663
7.385273
18.947082
41.559491
40.460833
74.881696
10.053392
2.535712
14.411847
10.155533
1.153353
23.738837
3.261854
1.615299
1.984885
1.725153
11.837040
4.599160
3.668355
4.138688
2.977148
3.882808
11.853167
7.563273
13.998556
0.537344
2.507376
4.711293
4.889985
10.550241
27.962743
5.099479
8.894695
11.488567
1.991690
27.891649
3.196955
16.455607
1.226741
55.999214
1.943435
4.665149
5.496012
3.181529
25.545066
24.693753
13.077250
4.239450
1.710528
0.610591
3.241201
22.421981
2.454841
20.784713
20.230852
5.064869
5.601820
21.249940
4.147835
3.147026
17.193721
2.385405
18.976866
1.582697
54.489303
4.642530
7.069134
40.248096
4.000204
5.485430
27.447384
38.117392
31.407602
5.279491
4.306496
2.861283
18.366356
18.936852
49.273656
13.521622
8.641132
7.874979
1.540963
3.971824
0.736973
75.321366
19.844581
40.602794
9.386527
6.354381
6.180235
12.559376
11.204365
2.197362
15.632342
1.411669
7.247317
15.766993
11.639545
5.285778
6.152408
12.106561
7.161518
7.826514
14.598247
9.702038
126.785324
32.324328
2.643585
8.955386
3.556491
32.824227
6.427076
1.487079
2.455383
21.033284
11.168988
31.134100
1.207299
1.436930
6.323269
4.105910
22.145004
41.105262
30.833502
13.053487
14.492130
15.265121
11.381987
23.397263
71.232958
5.456583
12.938800
1.641050
1.675207
11.618061
2.267035
6.213238
5.344750
6.904847
3.408831
4.821753
2.803941
4.725391
16.981174
8.402261
1.349801
5.378766
20.747072
18.122409
5.324931
5.967058
1.971248
16.052162
6.407261
3.853623
7.933997
4.716015
11.731642
6.834589
2.380977
7.229493
10.333221
9.966897
3.279229
28.865702
2.469613
17.296962
2.519918
3.014332
35.489846
15.208420
39.565535
16.511216
10.293042
14.130442
4.519117
8.185243
22.712471
12.306980
6.628932
7.765029
8.280663
4.241424
11.816405
13.007061
6.446588
5.848615
4.062532
9.955668
17.459900
2.168059
0.402639
4.821074
18.096128
1.658668
7.118529
3.736636
3.370067
40.861846
5.908149
6.938153
3.616606
12.167483
10.022523
16.483242
40.376825
5.305111
4.586229
1.970792
1.393617
2.226956
1.943836
30.303436
5.800045
2.374097
6.564027
15.464695
5.375438
6.738977
13.941246
7.167871
3.051703
6.810387
37.893337
15.383399
17.338577
5.855743
3.137229
6.440322
25.823318
24.276707
12.858163
2.053804
10.586669
12.800344
68.962280
6.911083
1.776237
58.400386
1.609846
3.091250
11.534655
15.535463
8.668750
6.010662
7.972045
13.292838
4.404353
0.646252
5.020387
2.649252
9.181887
6.868611
18.037106
4.983961
16.123284
2.526464
18.320058
0.590485
1.170383
22.795546
3.296389
4.021681
3.213156
7.058818
59.768403
9.222637
3.350267
4.169010
13.052918
6.661710
6.883516
27.968208
20.668286
13.576778
13.715642
6.179465
1.253880
4.213212
12.895225
26.275342
11.546216
2.876936
1.720527
6.755918
3.016499
12.687186
4.118559
4.996224
3.554261
5.809986
1.092436
15.398666
3.238338
10.513007
16.281088
14.382441
6.497610
5.131855
6.647933
10.393244
0.888572
26.259542
5.094883
23.129878
8.930172
1.697014
7.375036
7.556952
2.222296
24.787945
3.407381
6.265196
2.133134
7.303565
70.473265
22.722378
12.789131
5.668742
6.030346
6.709351
1.669824
6.515541
4.284619
3.113123
2.249528
7.313194
9.135673
18.305836
59.399913
12.335077
7.997336
37.427933
5.333070
4.341572
6.821284
8.831226
1.886187
3.874869
28.484302
5.446055
28.423471
23.386972
16.815810
7.387589
27.975356
8.963666
2.329770
1.226111
32.491364
2.896212
2.980268
41.508546
1.426154
0.658092
13.030315
20.210519
17.667058
0.848350
15.971275
16.105331
29.289473
5.890565
11.404000
5.360122
27.168265
11.017035
16.636376
5.710463
3.195980
9.609891
39.934335
0.409919
6.163069
1.625772
4.395498
3.478358
4.455268
10.583696
5.268091
11.738719
9.074111
11.520985
5.035475
5.200870
14.508680
3.330803
4.130426
8.818116
9.596290
30.507376
2.954114
4.656504
1.019408
4.571775
2.784101
4.254279
48.830276
28.948907
37.922718
1.068507
5.565708
8.854122
21.900408
9.142183
3.553464
9.691999
21.469862
6.576462
4.723958
18.227054
4.421476
9.077988
19.475829
10.875173
9.048694
17.571473
30.024041
2.696410
7.435154
7.425520
4.971466
8.534780
45.442095
3.840805
7.358511
2.131191
3.936285
3.058455
6.553914
11.832901
6.904297
17.528979
0.610885
10.961342
1.085977
2.893980
2.753659
14.638848
15.569823
10.146694
3.801406
12.855222
6.806102
5.696702
10.051296
205.421701
7.077553
2.752254
7.320925
17.823941
72.541587
1.327270
2.171291
24.318674
3.160023
10.592961
6.605722
3.891432
2.488678
5.444159
5.194887
15.268652
33.398456
5.281198
27.490680
6.856819
4.279825
11.187216
16.226130
1.187827
3.851669
13.351688
13.603165
8.128137
4.000615
24.205489
37.582169
5.822012
7.333151
171.904585
7.432379
6.083130
3.758579
7.105633
20.055234
1.961204
9.761137
2.943212
7.720408
0.926417
4.945957
32.486863
84.749022
29.819729
1.783913
5.401956
1.407743
8.505353
6.710771
26.461278
5.752162
3.495558
13.311819
3.328399
2.346096
2.816526
0.374273
67.936600
7.324095
4.743790
3.053971
8.895165
6.383522
2.852314
3.494207
14.735494
55.135057
4.922101
13.105417
2.921299
10.731520
11.135243
25.969244
13.450448
21.224451
5.020931
6.141510
119.214946
11.628879
3.789665
1.538734
6.955556
1.524727
6.947161
16.211511
3.156774
8.560551
4.579002
2.894755
26.144989
6.217145
15.836200
11.407024
2.160919
32.879846
22.553994
2.341920
4.559982
9.872193
7.958598
28.342112
16.027567
11.724788
2.676019
2.196319
10.201368
13.972125
1.901677
12.854739
6.844189
23.088045
5.117004
6.958043
2.809599
1.434120
80.151615
3.481865
5.697298
18.108724
6.317502
39.692463
4.168712
6.970780
7.583298
0.880248
6.297819
3.349518
25.055448
2.276490
0.600826
7.752376
25.254212
4.647241
23.443824
6.984090
5.264922
5.048279
12.505940
11.578063
7.250702
6.403354
56.116205
4.649122
32.510144
4.843368
6.120096
0.777876
15.032447
16.631998
4.993149
124.473968
12.837401
28.390261
22.150004
2.574798
47.302653
10.220990
15.603802
3.626251
2.847816
4.195818
16.120705
2.536651
3.805923
15.435849
1.967811
3.937841
12.880202
10.475674
8.843039
15.174652
3.072759
43.561881
4.322756
3.071630
1.010750
1.255248
2.508071
8.759600
4.837733
4.920651
1.620111
1.628067
2.735932
1.295502
26.509440
27.305407
10.219506
19.824248
1.964160
5.774645
15.186460
6.944615
20.390769
32.941558
2.942020
1.378817
6.124298
5.388934
2.496097
3.986600
24.050589
9.067327
7.056092
1.667444
2.758917
12.925852
4.276453
168.077429
32.282018
2.513300
60.550176
9.229590
0.980559
52.132439
7.739018
18.255084
93.186291
8.609569
0.852206
21.449490
1.639025
22.274543
11.706755
10.122583
10.074035
9.503433
9.669121
4.951413
5.113758
35.730476
2.825508
3.865451
20.325431
28.509684
6.702154
2.367620
11.686448
2.666861
23.836471
42.163250
80.133373
18.195532
10.025039
3.827405
34.918343
1.553613
7.068093
1.859377
9.619873
2.456746
11.062293
36.995680
3.040159
1.819144
2.451303
12.584608
6.129168
21.368254
5.805228
8.166990
2.202270
1.388990
37.159110
13.007635
13.019540
8.049282
4.018114
30.859628
4.099632
7.009587
3.946776
6.248069
4.228766
7.779667
3.109286
12.102292
2.633530
4.476924
4.450867
3.472433
6.473027
7.671889
12.847729
13.389685
5.754636
14.045608
10.741118
30.951014
12.306918
7.365840
19.613695
37.351848
34.173424
18.672358
3.070493
9.946828
23.824942
6.799672
4.289796
26.276093
9.270140
3.986343
14.717899
18.787373
6.507399
4.769517
11.573071
4.436247
2.106128
44.717015
16.021858
16.294488
6.505618
3.777681
3.716938
7.235022
23.612988
4.062969
1.530533
8.333063
4.277359
2.084206
6.834543
2.424967
10.116664
33.707410
20.180458
9.062275
6.482058
3.715364
5.107158
9.854029
8.829447
39.713416
34.887402
14.987931
7.437772
23.151627
11.365553
5.224238
5.825902
4.033245
50.033569
13.871679
8.156164
1.730327
6.430469
17.242486
8.660835
4.570334
18.153624
1.930854
32.662857
4.662376
2.026452
2.557520
13.198928
16.795199
24.232293
5.691349
8.892966
16.510051
3.066811
9.888632
7.643019
16.151306
3.390018
16.965047
29.138590
13.990268
3.884281
6.794012
3.928836
13.103571
4.137567
1.579343
31.640930
1.865971
1.994995
43.061163
3.354550
2.177582
2.438381
2.410220
3.953803
4.856616
29.418514
45.485700
13.486322
1.585684
2.387521
1.778489
0.905320
3.321369
8.573741
44.468207
5.032155
21.461729
18.804427
13.202859
19.767437
277.684032
3.867537
10.297890
29.866955
20.803086
31.120173
38.165712
21.233662
20.554056
0.979151
42.606720
4.341313
36.198848
8.725066
5.673159
23.783981
12.925242
12.916943
2.105308
8.653664
8.481771
15.943622
10.140306
8.061750
0.751909
33.902529
13.608988
6.166312
3.115377
5.406998
3.703355
31.880965
5.073687
27.715412
10.146270
2.287504
4.888685
1.836628
2.628920
30.830944
4.685941
6.328307
9.467517
1.470567
1.986047
3.596719
2.514894
3.905975
2.831793
15.790228
5.476074
17.202551
1.867953
4.433776
12.101256
7.794833
13.511143
10.258476
4.692594
5.502754
8.057407
14.015831
5.624147
4.403620
10.596892
19.766598
3.647710
33.597587
2.494875
8.905425
3.514327
14.902015
1.865003
137.740215
3.310067
29.345672
29.521448
1.372285
7.288319
5.218178
5.755767
6.421438
1.275475
2.756971
2.026121
0.641029
13.912600
6.769792
6.401868
3.395276
12.461173
7.251597
2.260421
5.219175
3.690336
6.009232
4.045435
6.587904
11.291852
5.175960
6.928603
10.291670
7.138579
19.816211
4.452030
2.947463
4.934766
14.334025
16.424449
67.398910
5.914558
4.256616
115.764054
16.937449
6.099110
19.693320
7.564428
21.788568
23.382691
10.991483
6.337851
3.883200
29.206311
11.041249
5.135184
1.650376
43.429459
6.682961
11.505770
23.430245
23.378732
0.756781
5.267844
1.413643
6.136117
10.945743
7.638566
2.226799
50.977040
2.625069
88.753437
21.127250
62.755952
20.985519
6.658058
19.278676
19.754411
18.255704
13.792722
3.188950
6.264111
19.111653
10.287642
4.544274
10.590544
64.505289
21.417653
6.907324
10.392164
4.809882
7.237344
5.962390
29.923994
21.441042
36.063988
25.528543
6.896247
19.326907
4.841685
3.899614
96.909722
21.552147
66.112728
41.214122
4.470134
1.898156
11.653211
2.568539
6.390734
5.537034
8.942004
5.747146
12.713615
2.328097
8.874647
17.006187
9.136970
2.991683
14.822180
2.281439
23.606430
3.401987
4.477705
8.961677
11.189725
0.997739
11.278825
5.125368
6.468481
4.444674
0.921950
4.814685
10.908305
6.544771
4.791687
2.856280
3.548986
0.929682
10.477839
5.585540
9.074044
21.449943
3.075649
27.137708
41.323993
12.179776
11.318786
7.023254
3.299195
1.921362
2.291271
9.859220
31.643801
0.556297
21.190646
5.180487
17.999359
11.386347
7.015823
22.933530
30.404720
3.689089
34.409635
5.443111
5.816033
5.004491
1.241353
5.887072
81.689055
20.984303
12.603227
3.553529
7.934821
1.084113
29.850074
3.282544
2.651255
2.623566
3.190462
32.921513
4.425951
3.954338
21.396840
11.890260
1.912722
12.024468
11.108990
11.893115
12.449683
10.061634
19.254579
15.631325
12.410686
2.775511
4.430343
7.346493
15.860151
11.863410
54.695829
6.028279
27.557867
4.680718
12.079272
10.990159
2.521556
6.569912
16.899280
40.119685
3.090779
35.292203
2.442818
25.844522
8.929737
27.320913
14.652078
3.803532
13.629717
26.379956
2.873744
1.992463
15.857628
3.151467
1.083136
9.181063
5.878420
2.753112
2.117471
8.564142
2.248820
1.605561
18.395061
5.346274
27.316487
4.160770
35.342446
24.766515
11.786932
2.081421
15.588409
3.445269
9.677054
39.185487
3.282543
2.879006
8.198408
12.711038
28.564365
5.772522
10.161152
3.858839
47.282098
1.447277
11.189549
7.585194
4.198886
25.741054
16.238482
5.436717
2.996793
6.405620
6.676729
1.249070
3.824454
26.033389
15.475263
2.694496
4.730085
19.870727
2.880191
45.351338
13.109670
14.100300
128.467669
17.302874
5.239428
2.730764
4.789033
7.130070
2.503292
24.255084
6.732318
1.329545
2.100999
3.832853
1.404430
10.203855
12.324405
21.595131
1.751908
7.125253
14.228808
2.083974
14.497516
4.131344
6.202074
11.351886
4.189582
1.835096
14.834565
3.114604
9.155603
5.877295
7.095713
2.554900
8.155675
6.888964
7.608982
3.034409
1.662605
18.885306
3.830106
27.133503
5.630273
2.911495
16.167611
2.327938
9.106884
4.646227
4.191845
11.858085
6.724698
9.285412
5.972461
19.757783
4.622623
2.287915
18.437242
9.923913
3.843027
1.556635
1.091055
11.679550
50.914152
1.129518
2.474300
0.593263
15.654903
6.648081
2.581947
24.758628
5.683106
10.527065
7.178724
2.737886
12.850653
10.192629
5.685738
17.112726
3.473368
9.543871
0.735716
5.336115
1.091349
30.576749
26.632993
12.143624
29.181860
4.035592
19.878629
9.389863
11.426038
8.393042
15.487326
3.399550
1.602540
3.159230
4.700222
5.972182
8.272317
29.526851
15.607357
9.805522
10.202683
7.171582
7.938270
1.386488
1.842360
18.290157
3.707325
10.527129
1.947072
50.102630
1.630220
7.588136
27.168134
14.356981
2.395927
9.998302
10.978905
12.828045
9.458652
8.962762
1.271757
60.059492
6.880554
33.847747
2.855476
16.234599
5.303536
3.572566
1.636045
24.170383
3.209729
19.678468
6.892568
1.807755
1.842615
3.298685
9.615488
4.397195
20.918471
5.422625
8.219573
12.095925
5.438732
3.936094
11.030365
8.030965
11.386129
8.437443
10.556551
6.305550
31.429547
13.694191
1.967054
2.881871
16.279961
2.008002
10.815458
5.643309
4.255802
18.096151
13.953507
7.061068
13.020298
7.574296
9.000397
6.257271
18.865275
23.633283
24.842347
2.792672
3.971548
3.942108
16.196185
12.871610
1.695995
3.522567
16.067552
3.546530
32.272750
9.285777
16.993544
1.376973
7.242825
5.983832
32.920645
19.790619
12.009346
25.441824
9.797891
3.985401
13.515590
6.786983
14.276667
5.923005
4.306071
3.269735
2.713798
2.560944
16.157563
10.348251
4.695722
31.861860
5.463521
31.999588
9.996209
14.740069
13.614044
6.990385
3.258785
4.395963
5.507073
22.857883
2.611112
0.905288
12.343919
11.460437
6.090659
15.721171
3.185497
21.903317
22.252573
16.014162
3.485749
6.761855
6.959474
10.552240
2.851710
5.505948
6.684532
6.446215
11.026945
2.994032
23.684084
25.468393
14.401229
11.967748
47.517565
9.215786
0.670256
27.412249
3.236125
0.965997
3.933511
13.391393
5.627972
1.821423
4.452176
11.040367
1.201771
12.934534
5.974266
13.334944
15.541765
0.999692
10.948083
9.562630
2.960351
26.830118
6.242918
22.158126
7.230896
22.049124
30.590555
3.103906
2.221035
12.682052
9.383550
3.681231
5.313938
7.660417
1.380723
5.647059
2.558979
2.882689
7.432157
9.919897
38.803369
4.279003
13.139153
5.046072
9.487230
1.597526
90.450010
48.657013
7.901783
7.261698
3.104869
13.973829
3.849559
7.839035
37.055760
3.490305
10.952751
7.677500
24.692175
3.415584
4.511336
4.671944
7.016777
2.578138
5.957651
20.995407
5.100383
10.630535
10.096781
2.187968
40.901713
13.556716
5.280774
16.745086
20.372039
7.598329
29.437493
4.993449
32.995972
4.023392
7.719121
13.361653
12.658501
12.141244
2.678879
19.246306
11.978934
8.495876
3.179114
27.747083
4.785390
3.584542
9.997984
1.786258
8.652616
14.593190
4.248023
7.277523
15.123118
22.368713
7.432950
8.341872
7.652584
79.094058
3.203727
6.109670
11.467539
7.208040
2.577778
2.150033
3.185006
7.446698
6.997892
3.085850
1.993205
12.337672
3.302459
12.287762
3.061046
11.110547
12.260476
2.184492
10.810472
28.141846
7.245581
64.300346
6.264677
10.168153
3.608714
16.379564
11.489508
4.464604
8.249520
7.159472
8.288924
10.153184
6.311392
1.341464
4.807592
42.800951
18.617020
4.689746
0.968505
0.759681
15.197191
14.578328
10.263896
18.261977
17.247114
1.781985
3.831494
18.098593
6.723309
21.697186
1.858163
34.476074
1.186294
8.518187
2.714410
2.825792
59.197288
19.222181
42.340506
35.055886
2.547785
37.869257
11.169051
2.383393
10.794998
19.252642
8.838208
6.202090
12.594181
9.037006
9.151088
1.527128
3.487613
5.371366
2.450922
48.887816
10.079526
15.146561
3.488044
10.037992
3.362826
0.841555
7.036528
5.806017
19.485252
5.384853
2.712945
27.016556
15.170514
9.503252
1.690911
5.996162
1.824941
28.200904
5.292064
18.160868
1.378186
4.154533
4.697006
3.267700
3.330956
3.115110
35.719471
7.261185
3.651549
2.298498
3.748989
10.580064
9.239119
7.195717
17.529289
13.181916
2.036524
7.175467
11.963169
2.435905
19.017202
2.112422
10.496518
3.569374
2.324166
15.790656
4.363088
5.697900
10.172921
24.809839
42.349500
4.914054
48.714735
5.778415
1.713597
32.380747
23.205246
11.923861
11.552264
1.059926
20.357357
5.371137
9.127657
17.907724
4.274575
16.724034
10.487082
19.916613
5.452306
6.532707
2.390754
9.775602
25.848140
13.352870
9.943187
14.773911
10.290316
5.170760
55.129077
