2.915258
10.878924
1.996056
8.192990
9.735662
56.454377
3.450850
3.678331
4.739522
5.614981
10.000246
9.086231
5.275968
13.437249
3.020323
0.723618
11.659089
6.245450
9.367194
73.345905
61.450664
9.732118
32.426766
10.831443
16.186228
6.453167
17.671139
8.820764
18.974700
1.171003
3.268123
10.817387
25.635175
0.813605
2.195741
2.209865
4.653804
14.485962
11.918708
8.430128
34.518850
28.983973
12.732156
12.858028
17.324253
24.568432
9.291636
2.867744
1.495783
6.868696
3.355911
7.622549
0.834724
2.041072
10.410436
44.749684
14.453101
21.816685
11.478641
21.133263
3.042328
0.827555
1.927183
110.060869
2.941333
1.452413
1.564149
25.427430
22.048805
6.837297
15.677110
3.150277
6.033465
3.653929
10.933239
49.284501
10.589463
16.434176
140.340494
2.496314
14.210680
7.416197
21.266672
2.284768
4.926692
9.701059
7.720094
3.918005
3.003332
12.609211
0.932713
5.832346
6.165238
3.087902
11.510526
2.552121
13.358078
12.147812
3.572490
7.596902
7.213860
7.904449
5.458548
6.913033
6.254680
5.336635
13.408193
12.130740
25.359034
16.601597
2.688862
20.287160
4.478201
7.199125
9.052325
2.806170
63.644719
6.745778
18.234236
7.587821
15.221460
7.355274
12.167159
16.779669
10.164413
3.018185
3.618641
2.856862
4.568747
2.968046
102.725115
8.549928
15.150043
2.257565
37.568483
7.856196
19.437716
44.059472
4.866985
4.930844
58.573342
5.952972
2.513748
4.408332
13.325341
12.983505
3.892598
3.390771
7.316116
27.901677
12.048737
28.242081
1.880960
1.474368
6.148489
8.602943
4.119578
21.281301
5.730062
1.657017
6.813494
17.126097
3.041917
13.449174
3.589278
7.955702
17.077823
3.741506
12.453926
2.650263
7.170345
11.120766
2.227996
53.030105
23.139663
2.011447
11.561360
25.058491
2.876438
5.451210
20.023568
13.251948
15.634799
6.570835
16.820917
12.496144
23.130421
7.943483
18.075483
8.200677
4.975263
2.909836
12.449418
1.702096
6.584015
19.407479
3.172239
15.019382
24.843667
59.579025
36.618752
6.306620
3.368641
11.607301
13.716843
62.455245
3.311749
5.747816
3.044735
16.994878
7.112949
8.125179
25.315864
5.321631
67.193728
1.763254
39.604513
4.219810
16.070619
20.811302
33.139916
5.892337
2.996160
10.045233
20.198984
11.629728
2.439207
19.434033
16.348479
22.240101
27.986614
8.992201
4.484207
11.391634
6.719536
21.940964
4.828200
6.223504
2.412880
3.048801
33.600077
15.084404
14.341995
16.917215
8.986705
3.004989
17.578095
6.246630
2.762699
1.964871
5.663724
4.209294
24.892900
6.294161
3.523567
17.683089
8.732669
27.317873
2.844707
10.564865
2.507198
2.792748
7.695437
45.519864
11.858172
8.384315
3.492840
8.110687
2.241603
13.742506
4.632217
10.478844
17.034582
14.466706
10.581984
0.743367
9.105244
13.676476
4.054678
21.499665
8.793662
1.792719
10.371120
2.434857
1.524099
5.718412
28.931021
2.005162
4.167405
13.208723
17.120585
20.361966
7.713723
11.148278
297.017874
11.896094
0.575065
33.474824
2.083552
1.242373
8.588345
11.890774
10.709062
13.062627
4.943811
15.085030
11.672372
2.117220
12.479005
16.970689
5.562929
3.534176
5.838425
5.607431
33.284574
17.709351
4.871895
28.566290
7.524142
1.392993
11.383974
41.933930
4.015559
6.876910
2.960440
95.601661
6.255256
22.438820
2.552400
39.728797
2.093070
7.341133
5.254663
10.694837
1.402769
17.302984
12.760671
8.314474
21.841227
27.433317
44.714538
38.246100
13.933880
6.212626
23.905553
5.803119
19.633394
2.125435
7.337618
1.086168
9.072712
24.687214
7.854110
16.989483
3.961327
9.356334
7.076976
3.872629
2.245129
7.387860
4.578810
11.873467
11.989803
3.783723
2.982417
28.474618
16.305060
19.134077
1.775287
10.979376
17.765512
15.842641
14.281947
1.173286
20.754309
1.307311
9.689680
14.038996
6.658302
3.516777
8.147989
17.784954
5.086683
1.534765
20.280141
30.728816
17.520982
29.979590
15.054664
5.408075
5.408626
10.214527
8.086756
19.929087
3.413699
7.536885
13.197546
35.023376
7.705356
25.994643
1.040625
56.367305
0.721962
13.268486
2.960776
23.895085
7.338374
13.342440
5.446170
6.762377
4.963385
31.038689
9.448274
3.453487
58.855575
9.629845
12.511964
12.347928
3.408577
11.822372
8.041313
10.917723
18.172892
8.467550
13.554612
49.156851
9.983978
11.490478
6.066169
48.763983
3.249622
7.915099
18.011789
12.465942
2.942332
4.750484
26.715657
15.684380
0.566920
7.447835
5.367328
35.335203
5.034728
4.363602
2.429808
8.291517
14.975007
10.381920
5.697810
13.054792
4.540591
20.125762
2.368721
18.976312
8.768685
23.802217
7.560540
8.858160
25.826833
4.951011
14.350467
39.613096
4.309218
10.582653
3.686623
1.172823
11.604064
8.781816
0.628273
6.419980
7.425105
5.403708
22.294466
8.427528
3.094848
3.677640
2.997503
7.541443
27.835468
26.903709
4.636705
1.653440
2.993034
3.379736
7.504395
1.493459
22.257425
74.431729
39.340192
3.149546
4.500428
10.893317
3.120946
13.033374
12.100225
16.910536
5.429494
1.115572
3.929037
10.032580
3.097190
5.950095
8.984398
13.190788
6.685549
6.766508
12.243766
1.912262
23.982287
4.451671
6.585374
4.223758
42.403830
6.503411
5.998809
4.150544
10.057095
1.489829
8.769062
7.509484
30.360258
1.739723
10.241791
27.719940
22.140846
3.419861
5.288216
3.861375
7.324829
5.051944
4.739961
22.632840
3.841375
17.705375
14.732196
21.488471
23.477700
10.274369
7.366867
14.271451
2.968430
15.065829
2.354207
31.442871
27.834654
9.603630
3.610376
2.299491
0.547276
16.381273
5.915234
5.158127
13.135820
3.772215
29.220863
19.476738
2.819489
11.194634
7.409766
4.054149
3.097496
14.695220
6.144878
21.853909
20.274078
27.948948
10.975773
42.968141
58.611494
2.239809
2.431183
5.079858
15.579370
2.480729
20.353230
5.151733
8.121558
20.699852
4.686945
16.705585
3.914806
4.662666
10.646749
3.930436
15.931935
9.181189
10.403927
100.909842
8.582478
10.123821
3.765060
19.316295
3.076922
16.025722
5.449792
5.983374
20.841235
4.342911
6.925909
14.093960
12.269788
16.731568
14.205783
1.277205
6.147852
2.445402
1.881371
9.975490
8.898415
2.633307
3.661214
41.126405
5.476764
4.060957
13.465138
5.052386
13.814604
10.618809
14.454665
11.547635
2.544938
7.637418
7.575616
4.173440
14.201609
18.552872
6.337954
5.132323
17.064711
16.097859
10.198597
9.053304
1.978849
5.118152
10.066044
6.175205
5.250306
2.806765
21.167786
14.951086
13.666408
9.319546
6.270794
19.016894
27.081471
9.025172
12.603271
6.262956
16.976791
14.149847
13.098754
4.350958
7.695547
9.535613
4.375878
6.440499
20.213072
2.063532
18.983951
43.816171
6.685344
35.095409
4.784669
6.348006
25.320710
24.677690
39.215399
2.902797
6.813854
5.762400
13.900623
2.137631
25.395760
11.610691
14.124582
50.426250
67.795242
5.808161
5.663915
4.096119
13.094894
10.881382
15.881725
6.774439
21.311008
9.455752
6.333072
7.451396
12.909503
19.242818
4.966772
12.564705
14.167299
12.574412
6.034380
16.524015
1.047830
14.049918
26.594000
5.672668
2.715693
6.027184
60.046973
6.425304
9.042203
13.692091
2.492403
16.559015
5.592823
1.159132
3.591684
10.101599
3.766862
15.739352
16.591613
34.969285
30.124974
3.832697
2.663019
5.349784
1.190760
0.979345
2.852403
13.294205
0.974632
20.041235
1.444885
2.752898
9.496190
1.155290
5.838348
28.916070
4.156600
1.069580
0.885611
4.046306
4.697074
3.654136
7.910125
11.645926
4.076210
1.649547
28.139817
11.346178
28.779045
18.540883
19.230219
2.151289
22.286356
10.613275
16.486881
11.347345
9.731587
18.383181
34.099882
3.116504
6.432315
6.733031
8.475016
5.425691
13.457712
2.441783
44.963331
47.015475
3.332505
8.012637
8.116855
3.806715
13.263835
2.063744
5.710417
19.131630
9.572832
16.105729
18.660493
21.503064
22.735825
7.848559
6.529735
4.073022
1.714700
3.165300
20.098954
10.980154
25.993606
3.318506
25.458307
2.752087
11.330918
39.143217
83.492810
4.125735
5.385851
70.991650
15.524218
2.321181
8.640262
1.524643
6.940143
3.883911
6.354555
4.285279
5.232825
7.219700
13.948550
1.445664
6.523977
17.878541
21.043004
8.070183
7.443055
12.554594
1.941546
6.907966
7.558807
13.673563
5.120397
4.327432
2.840581
35.070181
11.943163
3.604586
45.770163
32.322807
8.594671
19.435701
14.869487
9.545991
13.333468
7.789696
13.145625
8.590823
13.714696
4.884400
4.676353
8.956353
11.950320
5.462622
23.573509
8.043863
94.546904
9.582835
5.663748
11.469298
5.553592
4.215640
19.945789
6.254588
5.715449
1.540925
6.718548
6.415727
5.686489
3.112007
10.331588
4.674501
2.467733
2.356356
1.150028
1.445703
13.995698
15.430625
5.383270
7.387422
39.467780
7.591709
8.861367
28.691837
2.874071
4.868893
7.677638
3.746481
4.252960
3.295748
3.081811
22.061633
8.076048
9.686882
4.187037
7.502504
29.374549
7.371012
1.588018
17.130465
20.839170
42.390808
6.184573
9.057592
8.594300
2.797438
9.058533
8.360396
13.639544
11.937293
6.949764
43.715434
2.943006
8.080834
21.030554
5.153009
4.649562
4.445844
2.135049
10.921234
4.236958
0.632887
7.433808
13.685865
38.216853
3.585885
9.157714
7.369870
6.361253
3.524689
38.471430
11.422949
3.664069
39.435224
14.674759
4.990650
0.918115
8.992747
9.479148
2.839447
3.895568
0.399869
0.528493
7.304344
35.301346
20.208755
4.437202
16.567361
9.997111
7.435312
16.091573
30.993625
5.438685
1.621442
2.111368
11.651082
9.478354
27.756867
8.210572
2.427591
3.635552
0.772631
19.008203
20.458373
3.328767
59.108433
11.377470
3.397800
5.233615
10.688606
6.474044
4.865754
26.963454
6.745499
33.996819
16.102408
9.371511
1.850965
1.986917
62.989195
14.344660
18.897368
2.265380
5.833250
1.644595
2.500606
4.757938
38.334244
5.451597
20.463629
26.327933
11.664248
16.360503
17.801627
7.191073
2.959477
22.352419
1.611099
94.992660
7.093240
2.308848
2.901586
40.033378
8.881869
11.083761
6.524287
5.225524
7.245505
11.928214
9.137411
13.935735
8.805882
4.528908
0.685801
25.454420
15.092312
