12.829883
14.365791
13.895836
16.850124
16.168374
18.705869
12.215596
16.450319
14.447224
20.823514
14.254833
20.318306
12.157283
15.083417
13.677224
13.664400
21.254662
19.324645
9.262452
15.152611
15.706976
10.668728
15.701914
13.813908
14.901224
17.122173
15.604163
17.296030
9.160894
13.023558
14.431038
13.675247
21.283219
13.330563
15.240956
10.549207
14.106276
7.462940
19.614168
16.623018
14.797705
3.524895
15.947791
16.491403
17.312727
16.599436
14.952428
12.105075
16.460444
14.677848
15.559509
16.282449
15.439083
17.215576
17.556626
14.916707
11.026563
14.857825
13.247878
13.536614
12.986609
20.026859
13.128132
13.757475
14.373995
15.727441
11.652094
14.884386
10.175965
14.067341
21.052587
10.710693
20.004242
18.246497
13.406188
13.839845
18.639609
14.911274
9.838394
21.544965
17.755653
9.053827
14.411280
16.733943
12.356495
20.191156
11.348036
15.559380
14.776286
12.813721
11.876905
15.771532
12.506390
16.035614
16.556143
13.763224
10.649755
16.893647
13.694115
16.495538
