12.633177
18.269937
13.018597
14.374807
14.670565
15.033159
16.142006
16.220489
11.692340
19.315499
21.710530
18.395173
15.720815
8.088635
16.998833
19.992997
15.035583
14.635367
16.311413
22.189726
18.778281
18.492186
14.530724
20.565600
18.532742
16.118600
12.772195
11.998614
18.346290
18.911355
11.987442
12.171167
15.909693
14.095736
12.632665
13.560036
7.856071
12.638092
17.794208
12.088369
14.981361
13.550254
16.734782
15.161748
21.520823
13.074932
13.356074
11.507894
22.518016
17.062576
13.808178
18.046454
13.529764
16.955750
11.975189
18.517805
15.007516
15.853824
11.704936
13.033803
13.487217
17.605047
14.864518
21.519022
15.508579
16.555772
11.175633
15.602709
16.975737
16.681586
13.653739
10.492723
18.478421
11.120644
18.959151
17.447944
19.633613
16.919204
17.975381
16.839742
12.076556
17.857331
10.463029
13.850386
14.514793
16.544308
14.685978
8.408371
13.765188
14.450697
19.118968
8.931323
15.218034
12.609846
16.285467
8.066875
8.783645
18.123222
10.334658
15.617062
18.981507
17.204990
9.642021
18.107659
18.373356
13.788864
13.015206
12.689672
17.646470
16.734598
13.948062
13.587831
12.306435
11.453702
18.337202
15.413259
13.016267
13.549222
15.088314
12.621091
6.883179
12.001804
11.424668
9.503909
13.022648
15.373450
13.939618
11.715973
13.063889
18.611328
10.614033
17.393149
14.230604
16.613236
16.457280
18.081739
14.902812
15.495468
17.346162
17.658652
12.662360
13.547165
16.197607
15.504232
11.714427
17.732126
18.284234
15.693205
18.565762
17.153884
14.159829
15.127557
18.461185
13.207125
8.596394
17.437908
15.429922
10.211710
20.645385
15.454057
8.422362
16.836118
11.911599
10.667176
15.597413
10.688937
19.418543
18.373118
12.522320
15.271904
16.715879
13.593156
13.403440
8.584991
15.577690
16.206184
20.205817
15.139987
12.434775
16.815302
14.430386
17.060522
20.598757
12.608720
15.944946
16.261669
11.116689
20.039923
14.016490
16.127101
18.152166
11.660138
15.381952
14.626279
14.765079
16.489827
14.932473
11.405124
12.130170
11.719600
18.625192
19.012930
13.189076
15.287560
14.666797
14.971065
16.602590
17.305244
16.169434
16.436447
17.016678
13.659525
15.978101
18.326684
14.163669
16.570974
15.702412
14.313252
16.085904
16.902264
9.285948
20.981649
14.553917
9.473666
15.701433
17.339058
15.710697
9.249142
13.733572
14.824855
16.691564
20.794892
14.598455
16.165423
8.741112
13.721639
17.483650
14.888178
8.677419
13.110279
14.634270
18.543582
18.422590
14.793959
15.450465
20.607960
14.408823
14.448811
9.129435
15.052381
19.684995
13.950712
16.346614
14.504101
12.700618
13.357153
10.682093
16.088325
20.975104
18.222738
19.143240
19.135055
9.955268
11.359309
15.312906
16.522938
14.387025
13.672410
13.611073
18.353155
9.523730
14.354735
13.823587
18.863228
15.080417
10.014272
12.044343
12.436534
11.724735
13.116531
16.709126
11.775041
12.038155
13.072961
14.815165
16.856940
15.523383
15.225986
14.733978
18.927859
11.994749
13.999371
16.194676
17.801390
8.080418
8.245993
17.009072
13.647192
11.747367
12.667869
15.415401
16.531291
5.903996
13.013014
15.900149
15.967188
16.224667
11.775029
14.935752
19.006733
18.754647
9.644958
15.993398
18.925473
17.214552
12.871697
19.521715
12.942684
16.837544
11.583819
16.330160
15.457653
10.604041
18.030246
19.269438
13.990022
17.386052
14.500253
10.457495
17.575000
15.006286
20.864634
20.294970
10.443051
18.515006
15.503981
18.973824
11.269806
15.004351
11.222660
17.247617
17.879070
14.538452
13.888389
13.098106
18.149337
11.824184
14.020080
14.792568
18.413333
20.565139
17.807036
15.548958
19.069428
13.100097
11.722992
13.618874
18.370879
11.802012
9.995139
20.353102
19.980629
15.229072
16.638729
17.485327
18.097421
19.162153
13.715063
13.729518
13.910379
17.830761
15.120194
16.762179
16.893841
14.387530
15.541502
14.194819
19.996087
14.231450
14.253239
15.151367
15.518797
16.605263
11.818243
14.311850
12.446600
18.200576
16.409771
20.202705
16.928203
6.968852
14.090468
14.353743
15.767853
13.656445
12.579247
12.976853
12.906310
18.830121
18.419530
17.929871
17.466905
12.941117
9.413795
14.719746
18.023260
17.407780
17.269251
11.886211
17.186336
14.485939
15.473857
20.677584
12.928518
15.585853
13.534663
14.407219
13.606697
15.807299
14.050379
15.564685
13.620984
11.753449
13.984103
12.394020
16.064076
11.311160
13.118850
7.194505
19.652393
8.711019
14.798137
15.687781
11.262315
15.443887
16.994322
16.042852
10.878492
11.900539
18.957163
5.359141
17.750153
17.912189
17.059537
16.921422
15.600474
18.681016
16.827712
16.724405
9.384790
18.528569
12.147602
15.351204
20.697094
13.213594
10.979219
10.520088
15.215744
16.472222
17.191329
15.749844
10.396501
19.776969
14.561030
13.676273
15.075459
17.659154
14.614911
13.549804
16.334701
12.747295
16.150488
12.799173
16.891308
21.791944
14.737809
12.615413
16.218869
15.175659
12.270962
14.480887
10.220559
18.121490
10.853948
3.990010
13.220374
13.213211
20.901493
12.383564
17.413912
13.978586
14.745460
14.349036
15.455033
16.753599
13.870979
18.570188
15.434464
13.230482
13.045527
16.958289
16.709928
13.405954
20.614203
12.279215
14.486914
15.208445
14.835763
16.572288
18.255117
16.382393
16.307566
13.223090
12.564450
16.893742
13.566926
15.609873
16.278009
17.120343
16.037965
15.723961
11.149604
14.710932
14.151476
11.460621
20.352396
15.645362
16.490290
14.504462
15.733645
18.588283
11.139575
17.310288
12.587922
17.288817
15.290511
13.730670
10.306976
12.292977
14.570502
15.860260
15.084967
15.082554
14.256632
18.135366
16.295682
17.677246
14.084489
18.437894
23.638276
18.823297
16.074554
15.875298
15.765573
15.536690
11.309242
15.806507
17.108699
12.739725
13.371227
12.215274
19.958712
10.402156
13.881580
12.141264
17.988308
19.132531
14.427596
17.406688
15.962266
14.157344
18.079303
12.750937
17.167527
17.629976
12.134591
14.579237
14.075046
15.630350
17.939048
14.164414
15.795232
16.471039
12.603021
14.241516
15.382979
17.658201
15.572737
15.156118
15.793824
14.819139
11.780468
16.359928
13.683608
14.020798
16.984201
13.393816
13.724168
15.828376
9.984355
14.268033
17.520593
12.565077
11.860745
9.454720
18.179138
17.666970
13.549867
13.306979
13.131486
12.383154
14.249431
19.621841
14.892925
15.342493
15.506072
13.939977
14.929844
18.488492
14.845571
12.966835
17.586819
13.343503
11.947224
12.450492
17.441887
14.985989
16.553110
13.926688
10.403138
15.132125
15.940763
11.959625
13.868867
15.313627
9.065458
15.932889
14.861029
17.888973
16.341342
13.968771
9.677043
13.215452
16.789549
15.451612
14.929746
14.329396
14.820495
6.759716
19.993815
14.638685
20.173545
14.627110
15.068829
10.390538
18.992362
18.612913
12.782247
15.832089
13.102842
15.852090
14.640302
12.765882
15.336858
12.961036
16.691288
15.167460
16.270369
15.285243
14.160180
14.833689
16.672039
10.037860
14.922877
15.153950
22.178998
18.232249
15.583058
12.144970
14.457603
11.526276
13.191475
12.584803
9.980575
14.504052
12.778449
13.398938
15.577888
14.078406
15.464492
12.054718
21.339515
13.609260
16.563990
7.994351
12.494557
10.998616
13.292595
17.692119
19.745807
13.690489
14.776196
17.877184
17.674479
16.755931
12.287384
10.079096
12.273187
20.247334
18.473584
20.803574
15.398693
7.926315
17.114444
18.350912
18.195204
21.607983
12.981637
13.523935
15.568442
18.053258
18.374766
15.980235
12.864852
15.515212
8.942382
13.247535
10.719987
13.805134
15.040576
12.146152
9.922163
19.653192
16.328168
15.598785
14.351904
12.414813
17.387291
15.282975
14.978127
11.958645
16.264913
15.943630
15.442484
23.553987
8.909918
17.281383
15.527834
16.918814
15.281859
12.974018
14.651719
17.004263
10.666199
16.904644
15.592074
13.408835
16.861796
14.319792
17.170692
12.515418
17.913941
21.077694
12.168022
8.680347
18.820458
17.881324
15.554006
14.073488
21.462419
16.808869
11.590946
15.898786
16.900301
11.278164
16.684831
15.113212
17.334928
19.379169
18.451207
15.063633
12.692693
14.390999
14.237017
14.160197
19.727226
13.734331
17.659540
11.583665
16.311390
19.360107
19.216199
10.993477
12.578826
14.623487
14.315431
17.838247
20.055642
15.822175
19.222827
14.486520
16.330694
16.307650
16.713316
11.597782
12.795373
15.460465
14.841361
15.725887
18.690159
17.616883
16.634825
17.279665
14.420506
13.855401
13.112417
13.070104
11.427139
15.308539
11.971507
16.183163
12.499376
9.848666
12.722841
18.151047
18.071547
16.657146
17.647725
12.889741
10.626981
14.872244
16.631475
15.229942
17.754064
18.656155
19.859971
16.230763
18.326372
17.909596
17.518793
10.877631
15.435804
11.426817
10.787042
20.078052
15.245674
14.507241
13.094203
12.253626
19.462000
18.610503
13.626703
11.294821
18.237405
12.064084
12.482052
14.520945
18.245101
17.892300
14.993202
10.890358
14.135920
18.180087
10.625074
14.531362
17.493324
16.643428
11.339830
13.327646
13.139975
16.366866
13.527552
14.945335
16.386996
16.164219
17.173719
17.605268
11.322657
13.602311
13.372883
14.890801
13.849613
12.627404
18.480012
16.320876
17.585778
14.759136
17.200763
13.793059
15.603303
17.774917
16.099554
13.385747
14.010208
11.980336
14.516730
18.570521
13.843670
14.445561
14.235154
13.307933
16.985603
15.877027
9.855616
16.824802
21.137107
14.166702
17.257338
11.776124
10.320561
14.292726
18.104098
15.878068
16.222120
13.903070
14.885886
9.284445
12.216173
9.227502
18.284041
15.741288
10.034420
14.083796
12.681636
17.853576
11.521363
11.830056
13.760942
15.159001
15.377249
15.508419
15.445297
14.502440
14.850338
10.521068
6.541436
14.142784
14.667317
11.227717
17.848539
19.437287
15.622322
13.978858
10.853180
15.462142
8.170337
19.510993
17.134107
14.791013
16.511700
19.109799
13.673472
12.334966
13.614625
22.922678
16.381506
17.770882
13.939945
7.949446
14.358682
18.093342
19.080124
10.773474
14.768786
15.866819
12.895049
13.962389
17.344180
13.925478
16.666339
16.707591
14.630723
15.567018
13.040986
16.333035
16.015934
17.920761
15.193680
19.853930
14.045427
9.161755
16.413451
14.112265
20.614239
16.871804
9.806807
16.223910
16.451315
19.613367
19.746080
11.844349
12.879423
18.829169
16.325658
10.234966
16.784997
15.446915
17.273314
12.246487
11.323903
