15.321779
19.755598
9.949970
12.855872
11.388515
15.585676
15.007359
14.708810
11.065488
10.386515
18.188524
9.299490
11.269492
14.627590
12.996347
17.921354
14.884044
14.978886
12.196652
7.513664
10.667773
16.353929
18.206753
14.840120
20.055391
11.771449
14.972117
13.806106
17.376541
11.256930
12.121918
14.972591
11.375377
10.839413
17.538579
12.454081
11.433976
12.889704
12.259335
20.395855
15.137526
16.282611
15.658296
13.534559
20.994885
13.476191
16.814492
16.368224
12.647892
15.414941
13.615911
12.750535
11.053165
12.071405
18.642366
15.422679
14.833564
18.564910
10.279401
17.006456
17.685545
20.543604
13.727549
10.306610
12.300544
19.845784
16.044468
20.133274
10.127679
17.519385
17.848976
12.312597
15.248458
19.427883
12.915356
15.330836
15.202998
17.350298
16.445958
7.482074
12.056201
15.523798
16.426614
15.769155
18.055545
10.652172
12.412462
20.046413
16.422427
16.715569
16.586530
12.223224
14.963009
20.105067
13.837398
13.637693
10.263943
16.268853
10.014459
14.610292
16.714601
15.947205
14.115879
7.265619
15.491840
17.678843
13.618073
14.443487
18.403465
18.710355
17.935629
14.314918
19.521680
10.548480
16.332630
16.535340
13.429317
18.987405
15.525724
14.985700
16.841439
9.986798
19.038411
18.530308
18.201653
13.370406
19.633934
18.098632
12.416791
17.780620
18.511922
17.772161
14.888836
16.128111
16.876968
19.756636
15.610253
9.759231
19.505509
16.672234
8.501756
8.612706
17.011897
20.010151
14.924532
11.111806
14.216322
17.141061
20.696156
16.462897
12.361585
11.429948
18.586145
13.263592
13.795784
12.517880
16.613985
12.910261
18.344830
11.934608
19.803615
17.463077
16.404412
16.081791
13.728879
14.108913
8.998319
11.103188
13.567812
10.870418
12.330948
8.243262
14.767414
14.931415
11.961590
22.391047
12.194243
17.538792
9.309832
17.289586
14.378225
11.953088
16.069528
16.600322
19.224274
13.142915
13.856742
19.875322
14.556791
15.425732
15.276685
15.066132
15.344704
12.978769
16.064063
13.319517
15.591844
9.949488
16.245016
12.157441
13.978178
9.817067
19.771154
16.357794
14.142063
11.180034
13.909154
14.249594
18.614656
16.749228
12.785314
10.886483
12.865429
16.447581
9.239590
10.865195
15.636788
13.851769
12.800719
17.561670
13.752361
14.831389
15.302360
19.903221
13.508476
15.680431
13.094892
12.584278
15.552234
20.084988
13.030345
13.520733
15.316174
18.238191
14.088351
13.282382
13.676598
17.004545
15.140707
12.983218
15.980225
16.567354
7.005275
18.225956
13.587682
10.348307
8.972927
14.609497
17.267559
13.191813
19.505807
16.151741
20.146127
14.423547
12.647438
13.482822
16.537809
15.779091
15.864014
13.344855
15.282443
21.305610
19.788335
17.096670
15.374374
10.620676
16.390209
10.853571
13.388776
23.910633
14.379554
15.351031
12.700278
12.258291
14.409413
16.492581
10.600693
19.663214
17.258081
11.552808
17.708452
16.536589
14.255835
11.823467
18.111881
20.875765
15.715033
17.152256
20.696789
22.456139
18.436813
17.385048
14.963544
14.349442
18.332219
19.364748
13.745388
11.943156
17.738707
11.869788
11.513737
14.473031
10.580911
18.132806
14.398625
20.169347
15.210925
14.493990
7.017594
15.461280
13.186074
14.697843
14.706241
17.380755
15.025201
13.714554
14.814021
11.481516
20.569835
15.993520
16.290432
21.301837
15.054191
15.076187
12.209045
17.184968
19.446942
11.968810
18.722455
17.716102
12.736177
16.869947
16.340729
13.269130
10.762763
9.780071
12.183803
14.922981
14.237772
13.151699
8.853804
14.204155
14.250014
16.846168
18.928785
11.839881
14.524391
14.032940
14.728197
15.947350
19.374503
15.303971
18.290695
13.381286
14.113127
22.063188
17.019620
17.899891
13.251397
10.603561
14.302712
11.105344
16.452014
17.406311
12.268401
16.726791
14.951532
16.468377
13.805500
12.313966
14.856231
18.050144
10.456756
13.456022
10.523450
17.307762
14.665825
17.335052
19.840911
15.678550
13.658177
12.333681
18.182249
13.259232
11.310348
17.093514
14.767482
10.911999
14.073296
16.272150
12.493404
11.350271
12.879596
13.821061
21.575670
15.337842
16.699692
17.645260
14.194061
11.157086
17.366247
13.430879
13.266285
9.141804
12.616165
12.672604
9.205084
19.197040
15.139632
14.084236
16.706859
16.472993
11.766190
20.503664
16.465255
12.841983
15.786703
6.910312
17.007835
14.122926
9.517663
18.585128
16.666184
15.918349
13.769717
10.561077
25.245538
17.199627
14.929559
18.796241
15.826225
8.833329
13.905928
16.848044
15.806499
12.374262
16.643656
9.719130
13.427419
18.133315
15.093570
11.873635
12.225545
17.058720
15.458215
16.078844
17.661045
13.048249
12.722439
14.400507
15.771157
20.663890
15.243475
14.077477
15.586615
16.986391
16.108360
19.623555
20.593533
16.989062
10.952887
17.529776
14.086500
15.907315
13.315027
17.584761
9.397671
17.048761
8.922384
14.390296
12.817208
14.699526
19.309193
13.958250
11.692872
18.373610
17.016790
19.819824
15.026747
10.711181
19.513951
14.910402
13.809648
11.959798
21.456035
14.446855
14.631537
10.372286
12.954618
18.331044
17.400701
13.156520
11.930802
14.090694
11.816975
16.603818
15.890992
11.466131
14.014849
17.170917
9.321128
22.512011
17.074179
18.468904
17.923846
19.278528
18.794780
14.202399
15.253168
16.617944
15.346101
16.239483
17.082268
19.586255
21.732472
15.670733
12.968655
16.499049
15.613821
14.445569
14.587430
17.056845
15.080810
14.707705
15.602796
13.714762
17.125151
18.692642
13.923562
22.452693
13.094244
17.848114
15.952701
16.833873
15.652330
14.840045
12.674652
14.774659
11.289847
14.652154
18.035163
16.138424
10.660241
18.337655
12.031333
15.026940
10.769721
15.839241
13.767162
12.905895
12.571584
18.420695
10.328858
15.211590
17.128987
15.598274
12.789875
15.140310
11.785286
21.400528
16.632355
16.662381
17.831631
11.284806
21.598588
18.847445
18.659506
14.385421
19.519461
17.018569
15.265938
16.502760
20.179668
15.713596
9.205311
16.603758
15.812305
16.230863
11.426158
16.406051
17.584853
12.614115
11.715666
19.077712
13.790207
10.093737
20.534384
17.823935
12.997482
12.109922
16.166302
16.328548
17.189478
14.075364
14.768305
11.486124
14.335210
17.081080
19.450075
21.073358
17.750810
15.291160
14.875436
13.626466
20.210267
15.023639
16.566204
13.256784
13.180580
13.510408
20.710032
15.720067
14.325481
16.968824
10.599071
15.286022
11.181745
19.017068
9.741241
11.504786
19.921985
12.215702
8.423137
10.521020
16.218731
14.026394
16.387226
14.260101
19.870112
7.271757
14.479699
13.907167
17.578469
14.958711
12.468542
13.120320
11.922359
18.158608
18.045229
14.045634
12.034806
19.367666
18.750019
14.060210
20.726675
11.063151
16.746998
12.770638
15.023590
10.246763
14.909848
14.093459
17.100374
10.620375
11.703551
16.010269
13.401427
12.483215
16.387428
20.562782
15.762534
11.152612
14.608856
12.897327
13.473045
12.772287
11.620075
16.487594
11.758402
13.277794
10.831965
15.926477
15.988298
15.218570
15.473328
15.018135
15.372074
10.529724
11.723118
13.729139
16.508694
8.551318
19.303686
11.285521
16.562201
18.934919
23.612430
13.065385
14.367125
11.015990
18.613611
16.102343
14.920273
18.174139
18.756266
14.521406
11.826500
15.063786
13.946545
14.347690
14.526605
13.926782
14.703924
17.339298
12.943166
10.827234
9.710345
16.261201
10.224685
13.680236
9.075500
19.095161
10.639910
15.296866
13.583390
16.870628
18.016438
12.437471
16.475176
12.153090
12.479713
14.550091
14.751024
11.679782
16.912059
18.637052
14.487228
14.435454
15.677261
13.551499
16.127026
21.107615
16.085296
17.786742
10.276719
14.858819
15.640412
13.111261
15.139259
14.488132
19.145092
17.128641
17.036695
19.098802
11.409769
12.336404
15.728814
17.450489
18.717561
19.014173
14.171277
15.966065
11.428950
15.420485
13.504657
13.770114
12.654560
6.718023
14.247944
13.074343
9.400326
17.793659
11.341876
17.131500
14.833007
12.576662
16.374837
19.865759
13.492295
19.731517
19.654304
14.258867
15.827370
14.846127
12.775804
15.180763
11.721296
14.334732
14.964767
17.736673
16.904718
13.745696
14.862549
16.367478
12.248030
12.304101
14.780767
19.215609
11.992548
12.933949
15.336647
14.362127
18.432149
13.841993
10.431011
13.033598
20.121070
17.507981
15.177864
14.057319
20.301251
17.415366
16.304034
17.777792
15.854029
14.904106
15.656926
17.510618
11.738477
8.652197
12.901456
13.990699
13.649471
16.847646
11.478637
11.790317
8.953809
13.306302
13.055158
15.830108
15.904605
15.575898
14.919643
16.078622
15.333333
12.657941
12.936055
15.549802
14.603271
14.081833
16.171914
14.732039
11.657257
10.576936
13.070404
15.388462
16.013189
12.928855
17.364455
17.339436
14.189706
17.452804
18.390621
16.717750
15.828652
17.069557
16.732190
16.425779
12.304998
12.095754
10.969455
12.921280
13.902622
14.451146
18.189469
14.801337
12.946442
11.262574
7.247996
10.430707
13.091764
15.000798
18.698052
11.889580
12.431029
12.583736
9.596627
10.578276
15.583943
14.046675
6.690719
15.427456
14.861417
17.476672
14.137806
8.862475
15.402080
14.620306
17.571946
12.297767
16.571435
14.693755
17.803072
5.827500
13.127888
18.770377
16.790952
11.914523
14.442469
18.992689
9.963276
16.051949
16.395214
15.912007
14.855525
15.501523
13.508633
11.840854
14.076766
11.856710
14.895377
12.435944
7.152286
17.067427
11.257738
21.009123
10.877326
9.644834
12.984726
12.794664
14.684908
11.841285
19.591911
18.036324
17.325405
13.153663
11.581650
11.148474
16.253743
10.734098
12.482485
15.384974
14.763900
15.072380
11.468557
8.335824
18.864521
12.560126
15.465762
12.784302
17.328418
15.484332
15.637005
13.769772
16.718578
16.957059
18.344799
16.268889
14.391567
18.652324
11.131259
17.365500
10.935753
10.341371
13.341347
18.982744
13.536628
14.897320
12.187697
13.292512
15.864298
18.782959
9.572431
14.038632
13.958845
17.275308
13.978754
12.646867
16.696078
11.667653
16.619967
15.363445
13.928263
10.035919
7.760296
18.339322
13.645714
11.418244
16.369639
16.269095
13.757801
12.196528
12.049013
19.446362
8.895185
12.927194
19.615236
19.114938
16.922305
16.984127
13.872004
19.029467
8.648834
16.254268
18.134878
19.283088
16.278542
13.865179
14.418716
13.142719
15.826693
11.729982
14.436822
14.046216
14.695379
10.105834
17.549785
16.671159
16.313316
14.722839
19.804782
19.965801
15.178297
17.148248
11.953075
12.501985
17.281941
12.678947
15.630329
15.048328
17.833556
15.478392
13.664505
21.690252
14.779327
12.931052
21.414338
12.989757
17.398429
11.211626
15.645588
15.922861
14.555702
15.014883
13.991183
13.646604
17.710341
12.472359
15.383091
10.275380
14.905938
14.189169
14.874539
18.246791
15.657003
15.543435
15.844763
17.325554
16.216900
14.908007
18.594542
10.105953
14.209473
15.290602
20.982198
14.800445
14.692030
18.354083
15.189517
12.250527
16.258239
15.875587
17.010655
10.044720
17.022465
16.527368
13.127605
16.931769
14.614971
16.062442
15.987470
18.018664
14.354260
9.853551
17.632858
9.378701
17.291618
16.815733
16.355233
15.416089
17.803844
6.674458
18.863644
13.455116
14.918982
15.017456
13.993618
16.107310
10.644567
18.475921
18.517225
18.625334
19.492665
13.531912
14.982936
17.429643
15.432192
11.814232
14.725204
15.629755
17.011032
16.263733
18.748938
14.873370
15.840233
14.989554
11.565416
16.060865
14.018801
8.808991
13.148539
10.987026
10.702826
15.207510
14.254224
19.276865
11.041796
16.219644
16.033412
12.805201
16.596210
16.344447
19.693612
13.086667
12.320634
17.236277
18.800168
15.654964
16.735644
13.371700
15.345868
15.297471
15.235340
16.146319
18.775700
7.729876
15.305845
14.096473
12.327218
13.184545
13.095194
15.159365
12.193793
20.214268
13.017395
23.108801
15.072945
18.545849
10.904881
13.269652
10.781220
12.254079
16.314994
11.304500
16.479210
12.022265
11.963818
8.843992
14.005263
16.933951
15.319723
11.941637
12.427880
18.223315
15.370551
19.527143
14.963256
14.942314
16.973112
19.264848
12.604009
17.467878
12.103060
14.369405
10.868547
16.344047
17.265833
20.303293
16.886158
6.877342
11.952240
19.049959
17.310454
17.499182
16.528435
16.159415
16.783706
13.727069
15.140641
13.706093
18.121968
11.112794
18.003730
13.481976
16.592673
10.980089
15.664652
16.230723
13.528368
14.371584
9.223180
17.836100
15.097881
11.950256
8.390802
18.169044
12.878591
16.975289
16.406744
14.065708
11.031261
17.859126
18.158716
10.115940
15.836152
21.548374
14.399868
16.289498
17.727738
12.387667
14.488912
15.109059
18.570962
16.663634
12.236893
18.009327
13.433370
18.496767
16.447229
9.998797
12.948340
12.579970
10.018351
13.836818
17.340268
14.264877
16.145891
17.607276
14.257293
8.965584
22.602741
12.505903
15.043739
18.574504
16.548583
10.940164
17.061780
18.330173
15.780358
6.824751
10.420757
14.636249
12.147836
12.266894
16.466818
10.653813
18.543203
8.193080
17.274435
14.530760
15.559174
14.122125
18.750878
10.395373
10.134602
16.155621
15.785228
13.461949
16.732348
12.557023
16.294737
18.685773
11.154663
17.924735
11.568588
14.251104
15.932703
17.538669
16.067523
13.249379
15.144465
13.360507
13.213642
13.818410
13.008081
15.717548
18.240452
14.733916
15.642700
13.947014
11.753119
14.302505
15.571864
15.335850
16.136355
8.594962
15.023324
13.888549
17.011244
11.940971
11.456439
17.879796
20.568436
15.432968
15.170741
16.735502
16.564585
11.455765
9.706013
14.861600
16.784759
17.930841
14.672654
16.603767
17.759888
16.701386
13.779861
14.458189
14.618594
16.605556
14.953865
16.958505
14.172748
8.792520
14.954523
15.114258
20.581694
17.416911
13.105688
15.518822
17.572861
14.725691
17.848071
16.000720
16.881316
14.634761
13.261063
14.312085
19.457471
21.003978
12.506209
13.769491
14.928731
9.737061
13.424416
17.742774
21.113977
13.027328
22.666067
9.675577
13.690018
14.816995
13.128288
17.878389
13.946606
12.647302
11.147527
15.912769
9.572940
14.308013
15.721846
20.047903
15.859293
20.071499
15.409214
17.994934
15.460863
13.655700
13.555496
15.389072
20.813898
9.931555
15.012994
13.810106
14.104192
18.605813
16.127826
16.140798
16.501705
19.966832
14.975320
17.738755
9.753098
11.678625
11.657803
10.874659
12.822812
15.319073
17.576869
13.263839
12.767455
19.607028
11.905690
11.792766
14.987334
15.251116
16.943266
14.677326
12.987121
18.628016
12.759696
17.592167
16.193564
13.213895
11.839529
15.032207
10.947508
11.318280
12.839378
21.903159
18.199442
16.528459
15.753717
12.344859
15.188409
17.043342
16.311956
16.945520
22.219656
19.918282
17.995276
18.487864
12.034416
12.939410
13.214945
16.809984
18.950901
21.169940
17.633728
18.830841
16.330201
14.210355
15.623883
16.271287
10.884925
18.244114
19.471175
11.897271
11.918783
18.894522
19.007239
12.089877
13.571094
14.318719
8.642600
11.753194
10.086232
15.945863
9.375616
12.793822
15.566932
16.861957
13.276252
12.861278
16.554842
14.553707
15.493093
11.671649
16.988873
15.155725
14.821488
17.442368
10.421146
11.089602
13.957099
16.982932
12.351760
15.525150
11.048382
14.179658
9.595638
8.513479
16.694704
17.356744
14.781273
15.724709
17.566103
11.560676
14.858997
12.294999
18.248651
9.584061
13.010028
9.056191
22.109865
15.016148
15.833799
11.704317
16.494132
17.674180
19.102656
18.165686
14.490343
14.431748
18.066848
17.676176
17.569828
14.151529
13.202993
12.270824
17.378842
13.651745
17.405298
17.263055
20.227403
20.416156
17.215432
12.974606
9.781004
19.412736
16.382538
18.519901
17.263336
11.719099
16.285619
9.804895
17.119094
14.376608
16.578407
14.380987
15.805371
17.052812
16.141783
18.001602
13.379855
15.985225
18.491948
15.962075
10.118860
13.623957
14.385610
14.912164
13.192615
17.892028
18.701253
19.995245
14.866523
17.873229
17.304151
16.581979
13.148115
16.411238
12.404360
7.830443
17.541965
15.986180
11.446603
15.029047
10.740489
13.471144
14.714035
12.511722
13.745694
14.415691
15.237042
14.877215
18.075141
12.612125
12.771910
23.071985
14.332308
10.260202
14.686965
17.873282
15.548845
13.135267
9.186163
21.009298
14.640366
19.211886
18.979058
18.159278
14.709743
13.836525
17.295551
13.621682
9.540531
17.213421
14.590884
17.850212
14.056261
16.182842
17.648482
15.085442
18.963648
18.594612
12.238677
16.295146
16.432253
20.000488
21.737087
11.216462
14.312909
19.120551
17.923947
13.154324
14.442083
16.071274
16.718015
15.657055
14.886845
16.017880
12.412120
10.120639
8.732530
13.621565
7.453662
16.311395
11.820999
14.726325
12.950828
16.446147
14.734641
13.517371
12.684568
19.799654
12.714009
15.628147
13.175876
11.235479
13.224417
3.936832
17.323327
13.404467
14.406125
15.885151
18.045780
11.882503
18.991890
13.920791
11.145789
16.299591
17.373624
14.065644
9.309376
17.093339
16.685703
13.330069
15.524557
15.830887
18.953764
17.168942
14.319914
17.341969
16.793226
17.873149
14.851684
19.866256
13.227525
15.604255
16.631683
10.980303
12.848961
12.928099
13.318208
17.481453
13.842465
13.790519
15.999247
13.449375
14.481042
14.624008
16.039838
18.828789
8.645697
14.978459
12.857996
16.114500
17.255363
17.311969
17.312557
15.502244
13.994222
18.204099
16.254934
15.914554
19.435362
15.306112
12.297440
13.799534
14.822691
12.543925
15.699870
11.761384
17.585780
12.498195
14.581954
11.221712
13.657850
16.237307
12.416656
14.945229
13.157704
13.272031
16.179632
14.360157
15.430300
17.333662
11.172657
13.063822
19.560664
14.749931
18.887881
18.209311
19.152195
13.851281
16.924072
14.565567
17.755274
15.179154
16.764971
10.577174
17.691704
12.779170
16.525328
7.219766
14.566921
9.662493
13.045596
12.505231
6.977070
15.607173
16.855113
13.327917
18.285447
18.629095
15.821882
13.627461
14.915221
19.133022
14.172019
13.662980
20.341671
12.306171
11.971955
17.271514
17.046027
14.469772
13.218313
16.750752
17.824132
11.668930
19.322233
20.696749
14.361669
14.848860
8.423036
13.840116
23.204632
10.722854
22.206702
11.182704
18.942819
10.769003
15.638238
17.705751
13.607514
16.184323
15.737743
20.315264
17.106173
13.265325
17.318767
16.553387
9.351314
21.395989
14.787144
14.062074
14.142252
13.542006
13.650020
16.172483
20.476283
11.489564
12.349375
12.023452
13.630694
15.169446
18.679208
19.677727
13.576824
14.885172
13.705628
19.634664
12.949284
18.565701
11.680209
18.383819
15.853803
11.258981
14.153039
11.148590
14.757860
14.204901
22.976036
10.337889
13.030006
15.402239
14.784779
14.151178
13.152605
13.741422
15.331047
8.237885
12.778515
14.347471
12.942216
11.910898
13.798738
16.261402
10.354979
16.579295
17.443416
15.772527
16.985330
14.497577
16.391753
15.106609
12.594336
12.224417
9.769685
15.358430
15.425532
12.025771
12.046465
17.252833
14.712370
12.211887
16.812740
14.805169
11.789996
14.839623
13.090733
13.650628
6.654358
15.926423
22.978640
11.206911
15.039857
18.370477
15.242017
19.269360
15.699275
12.813961
15.502356
17.812404
10.235116
11.791090
18.525221
12.877682
14.402977
15.948585
11.330698
15.240463
18.763466
15.113206
14.527125
15.729197
12.245672
15.638619
12.882934
13.985359
14.557151
13.533574
17.803445
15.321001
15.615252
11.879670
14.717881
14.530630
16.545200
19.809045
11.737575
15.005313
12.346479
12.407243
10.334245
9.562409
9.658087
19.118801
9.811505
11.956124
17.536950
12.806009
13.005549
21.323056
17.519019
12.331418
8.763620
13.366280
19.973016
10.673990
14.570780
13.519237
17.306841
13.378156
15.160209
13.940746
18.976728
14.956024
18.360473
18.495709
16.472315
18.681341
18.119364
13.975151
14.520996
10.720107
17.591172
13.595525
13.878185
18.296622
11.700553
15.626485
13.487906
15.245077
13.549730
13.956273
7.887135
13.362711
10.635253
15.220664
21.252598
13.663935
19.646477
13.642107
10.560470
17.567002
12.479843
13.598228
16.789730
9.242726
18.523234
12.075731
17.366839
12.453347
12.439869
23.068756
17.754810
11.966389
22.649256
15.054797
12.713889
14.186184
9.271563
17.205527
15.490259
14.190202
19.284486
14.442662
13.435384
15.166449
15.744998
10.766324
16.561965
17.336752
9.916290
13.618600
12.922286
17.511061
18.953896
9.947009
10.797913
17.105670
16.143172
11.435034
10.850181
11.952397
19.303801
12.912263
21.726936
16.241439
8.637025
12.625958
10.933471
12.645721
11.031578
16.207464
12.401016
12.953872
14.216791
13.532542
14.330057
11.578396
16.621017
13.533707
9.529380
14.811953
17.076230
9.436450
16.273504
21.309891
18.684062
15.654493
15.473775
15.297537
15.326498
14.889591
20.233695
13.537830
18.563182
19.603400
13.759043
18.176103
15.012992
21.610798
17.586310
16.688248
16.780810
15.116043
9.066093
14.880253
8.981771
12.857713
16.631916
16.851432
12.356847
11.036592
15.452785
13.010798
17.814260
14.312584
11.279427
12.650347
10.037195
18.066665
19.566526
10.399810
13.918139
17.341502
16.755387
15.154977
10.867124
19.696327
13.203144
17.886439
15.406732
16.099641
12.650568
17.731447
13.163016
17.871203
19.081321
15.014183
16.123145
17.659691
11.891438
16.897963
17.934140
16.364687
12.489749
15.850805
16.448456
19.041869
18.727193
14.481106
20.801285
12.565357
13.492027
13.847925
17.377014
15.882253
20.208617
12.126754
16.919979
12.853213
13.787144
18.074125
15.217979
20.453732
12.260337
14.899563
13.494876
13.358130
13.855853
12.914490
14.238058
23.230728
12.342360
20.615718
12.301297
17.191981
16.676467
10.945098
14.793761
12.990829
12.906500
20.977068
11.461246
15.816563
18.171616
13.626322
18.965183
20.700928
14.591112
9.298418
17.789148
18.665491
19.749011
18.709521
23.435489
13.585894
18.434229
14.464224
14.429710
16.593461
15.565689
19.660456
11.894744
15.262097
9.303517
12.090249
16.295426
16.992407
17.199671
14.341814
12.111562
14.543743
11.093087
15.363956
19.176091
16.004437
18.934350
19.001938
18.329861
9.154422
10.256060
15.173499
12.957968
20.001919
19.112463
19.324521
15.101243
14.134632
15.330075
15.358615
14.013867
15.056132
19.839169
11.425989
16.545463
13.247095
17.033381
12.841383
15.782331
10.136236
12.741191
16.422775
14.465669
11.714818
19.100652
13.603333
12.481401
9.120633
15.953543
15.835556
19.774123
20.273479
9.387267
18.912151
16.098052
15.111668
15.414703
17.831426
20.109184
12.631470
16.297733
16.977144
17.291710
17.931860
15.649358
12.175320
11.525252
18.067909
13.869518
16.440507
13.339937
17.414625
19.562593
11.483704
16.210791
14.654725
13.084755
11.834704
8.899001
21.269654
18.161356
9.949221
15.483526
12.539502
16.235310
16.379564
13.894599
17.790821
10.785985
15.824386
12.404101
18.992041
14.463643
16.850083
19.747386
17.046522
18.257664
20.193992
16.076333
13.041085
11.149773
20.825066
17.804436
19.393957
13.876342
13.562269
12.804176
14.804303
13.614074
18.729834
12.336795
14.147553
14.802854
16.648276
22.755560
14.701293
21.292949
13.236964
8.297050
11.805535
18.090835
11.482945
17.238038
16.253880
20.741757
16.031073
13.966013
14.115569
12.795288
17.812759
18.732361
18.441275
13.032508
10.088898
15.174090
12.474164
13.612890
15.773397
11.474574
12.591109
10.822224
10.491067
17.175049
13.401075
15.397281
13.761019
16.671615
16.204329
12.056219
14.076337
16.646679
18.211423
13.422260
14.911702
18.068740
5.309495
19.822122
11.520128
14.136509
14.862484
13.233163
11.654949
13.272183
16.988370
17.860235
15.191777
12.532562
14.420438
12.924589
17.785054
15.592932
17.828164
22.247487
11.755293
15.110002
15.858650
12.880256
10.052461
16.832864
13.904825
15.130811
14.961635
18.973498
15.893043
10.442222
16.019332
13.224664
15.787088
12.002970
19.151437
19.004019
13.210250
17.289760
12.573643
16.880441
16.355738
12.545493
15.262615
16.666350
13.191185
14.304454
10.811687
13.979621
20.290572
17.398693
14.795585
10.958182
17.066930
21.665796
14.501457
12.514151
18.567237
14.223285
13.191836
14.940832
17.649178
10.543960
13.181769
10.262259
15.533772
6.409015
16.287978
14.246384
18.623938
14.229674
11.951599
10.105463
11.791727
19.821378
17.361154
18.561149
20.659992
9.390800
12.567129
16.356229
15.545740
12.104149
15.887648
11.885104
14.599182
19.524352
7.452914
16.536040
16.425548
16.632965
8.875870
11.503488
14.707721
15.325880
17.439494
17.855459
16.575130
14.674642
13.250666
10.911043
11.088999
19.719250
16.157456
14.554399
16.292132
9.385850
8.884962
14.311006
16.799744
14.547658
18.254211
15.108978
11.508837
8.991698
16.202437
13.541360
17.427224
9.011158
12.371382
8.893636
17.084293
19.412903
13.639907
17.441666
15.657076
13.249548
15.615494
15.157950
11.991227
15.330322
14.617643
16.784461
16.229214
13.289390
17.163127
11.061534
20.179963
18.534933
14.715308
12.884746
14.207543
19.878714
12.382326
18.156725
16.091923
10.633532
14.965571
11.328298
11.969633
11.139835
15.639469
10.316050
17.673815
15.081252
18.343935
14.184089
17.275203
15.553209
20.299603
16.414469
9.838004
16.726634
10.800913
9.530936
12.226551
15.208060
14.832894
15.925186
14.525379
14.867663
19.432237
10.272007
18.375560
16.019391
14.013439
14.831478
11.003231
18.778596
21.131721
15.189739
12.905508
15.423390
16.582941
15.127633
8.570565
13.690785
11.289319
21.980531
15.805307
15.347892
12.166520
17.891729
13.842416
18.062100
11.804396
15.283225
15.760013
18.376148
14.737168
18.343348
13.360313
21.732740
14.716726
18.088619
19.047084
16.361406
13.813385
17.957897
13.314734
14.606108
13.923741
17.520433
14.191804
19.850281
15.316435
13.424303
17.794016
14.327837
13.374556
22.695731
19.501003
11.487186
18.263170
9.525551
12.520747
12.230313
20.434143
15.249019
14.246727
11.179709
10.786495
19.669917
13.141612
12.355724
13.656729
13.064470
15.241965
17.564354
18.607226
12.761200
13.806672
11.960193
12.628720
18.004007
18.098678
14.462526
8.685088
14.978512
14.817755
15.018167
13.816153
11.911409
13.062333
11.986644
14.575068
20.466307
15.192929
16.838430
16.901775
17.077512
22.788319
13.296114
15.225491
12.645508
12.261675
18.932939
15.715023
20.888969
17.196743
19.268451
14.794046
16.444143
10.652381
10.157435
10.933254
14.166219
13.110613
18.496485
12.884954
13.317669
18.596050
14.907924
15.669926
13.548245
24.279293
14.038828
11.840086
16.352743
16.778940
15.538433
16.249221
14.742504
19.216793
9.974290
23.608095
15.381598
12.450686
20.106388
17.206319
15.704655
17.499101
18.345652
11.210864
14.734161
21.602270
17.410523
13.595701
13.032597
16.264611
14.889608
16.469769
15.234455
18.008399
12.904731
12.858334
15.752475
15.190705
20.227093
17.609188
19.682056
10.953171
15.911565
18.214168
15.043669
14.330030
14.732578
11.764658
13.442587
22.603442
14.911578
13.393490
10.937930
18.339587
10.615110
16.548705
16.715716
15.572660
19.118670
15.810434
18.702351
13.070934
14.828992
17.865174
14.351197
11.845154
12.517558
10.056536
13.449728
9.056695
14.582616
18.869216
16.668304
12.326109
20.007345
14.790841
14.923884
13.013884
10.119535
19.236860
9.897712
17.514933
18.089807
13.306387
16.739892
15.636694
15.513834
13.051206
14.150624
15.871347
15.919970
14.806371
19.723092
12.150931
13.022659
12.193611
12.667964
13.975608
17.936390
18.094489
16.011605
14.913522
15.180803
11.728433
15.150484
7.536351
11.794493
16.176812
13.131014
15.406128
13.473398
18.559253
17.862927
14.775924
19.663319
18.222186
16.676030
23.789439
11.845831
12.977181
15.873408
15.382804
15.456836
15.964938
17.794788
14.623748
11.176211
9.129189
14.400071
11.186035
14.824340
16.277357
17.359914
15.744990
10.612347
14.232320
13.923211
20.166377
17.946322
10.712794
14.018002
9.709678
8.902122
11.609896
11.326862
14.927817
12.168889
19.813648
15.585675
16.957510
12.736799
12.956978
17.008768
12.067789
18.782174
20.040935
12.910538
15.516672
23.451015
14.056900
14.489462
15.217635
15.345099
8.107363
13.490870
16.398108
15.513289
10.776598
18.274159
16.462535
19.856647
14.665499
13.952486
11.531922
15.704039
18.855164
13.038888
16.247475
21.214624
11.411983
16.100351
9.878314
16.886885
18.159954
15.862194
16.739503
17.950462
19.392048
11.277490
15.453229
9.308983
17.880445
16.734005
15.524105
10.763611
17.428159
17.964101
16.275427
10.831825
15.436383
21.372619
17.529420
14.393429
11.996940
13.232945
14.624373
12.650565
15.117056
15.592626
13.427713
13.250400
15.079424
10.827194
9.789127
8.978968
12.743530
18.824438
13.791582
16.477360
14.334788
13.798361
14.788051
17.091977
21.889397
13.307109
15.188084
18.693214
21.287440
13.178133
14.998226
17.653599
14.498565
10.424678
16.864321
10.786418
11.774352
16.239064
18.136300
11.789866
20.508968
11.359154
13.849388
14.855762
10.589649
11.393561
14.699593
18.950722
15.223745
7.732746
13.966227
11.081267
8.128856
10.114021
14.887037
12.836187
14.002031
13.288701
17.618217
11.946723
11.915241
14.654092
15.006073
15.799450
11.624393
16.722426
11.337841
21.624576
15.347642
16.259829
10.886131
15.108182
16.407376
18.240248
12.672135
16.026197
14.698251
19.567240
12.280451
13.938043
14.758371
11.655983
16.837702
15.854115
12.484276
13.921848
19.701147
11.190192
14.016892
10.859590
13.454942
11.622481
18.041114
14.511664
12.762596
8.932003
18.222982
16.881769
11.476416
11.104377
18.872306
11.353394
14.623800
11.947387
17.209554
17.721092
16.641045
10.454760
10.792196
15.252923
15.748867
13.116622
12.407527
12.685700
12.702006
14.426670
13.589196
16.893770
11.959942
11.834942
10.900261
18.786502
6.353300
19.951016
10.344668
11.389338
14.970425
12.304641
13.976268
14.784589
11.501056
11.824886
17.288858
10.512453
10.464565
19.256651
13.216343
16.021282
17.025157
16.969325
14.858303
12.970100
13.418656
15.265916
19.480454
8.954077
9.989184
12.313719
15.747818
11.671252
15.010420
13.728074
18.418833
17.845587
18.003374
13.817669
16.153450
12.383849
15.009701
19.447662
15.241602
9.836015
13.155473
15.475150
16.605337
18.165339
7.781791
16.166698
17.906030
11.931833
11.143301
11.520022
11.719980
13.099251
9.520348
17.308035
18.680774
13.185584
15.294854
14.918852
14.114411
13.516139
17.970115
13.841210
14.282481
14.423226
13.960485
11.924584
13.631156
15.890549
14.930149
13.225692
12.555409
17.051692
15.993236
15.120486
17.561744
14.763471
13.230722
15.015874
16.686112
15.047224
15.913274
20.096653
20.052148
11.856782
14.089854
13.609667
14.849728
11.629152
9.840702
16.679178
15.834499
14.806405
13.902023
8.220401
21.716953
17.625039
17.378141
15.584677
14.597419
11.631076
14.737545
20.367315
16.114358
14.322908
10.476856
10.493858
12.219366
13.388485
16.257328
16.706335
14.129626
17.800163
14.160718
16.483654
18.789286
14.456256
16.432086
14.113080
19.600963
17.045656
19.504250
12.995773
10.741287
20.348763
21.021251
12.936643
11.915562
17.943849
15.716884
16.119976
16.394718
17.179503
14.599899
13.967847
14.291635
15.785409
18.752830
15.602736
14.611712
15.620050
14.246630
15.898505
14.143440
11.472673
15.054340
11.216136
13.590609
13.065068
14.130656
13.731126
15.675830
10.768770
14.488608
16.017761
14.329119
16.807393
17.078609
11.919314
18.934995
10.349822
17.648294
19.857422
10.846370
14.318315
14.545391
16.155154
13.655232
15.768289
17.548094
19.243635
20.618631
14.842680
13.429261
21.846910
18.159797
13.655358
15.649435
18.670770
21.619027
13.937627
11.641002
16.114181
13.933522
7.443196
16.961008
18.349160
13.605148
15.978951
14.752721
21.647558
20.381307
15.009447
16.589406
11.778595
13.866955
11.482688
17.904943
12.849825
16.591071
15.127618
14.458472
12.769854
11.251881
13.092903
15.292901
19.623320
14.721019
13.344538
11.629856
16.839827
17.957141
14.989545
14.630570
15.292380
16.233568
21.336352
16.948559
12.491758
7.424370
15.899379
16.561185
15.068483
16.644463
16.842080
12.146495
15.399315
9.276527
13.703718
15.184149
13.357757
14.636138
17.561515
8.758129
16.846887
11.821731
15.021249
15.533616
15.029946
19.490776
14.581486
12.943237
18.189714
16.938567
16.279687
10.905664
7.217079
12.080675
16.407267
11.404296
17.967404
17.651066
14.053257
13.589628
9.171707
16.909277
13.373980
14.909612
10.523763
14.471887
16.243578
13.451199
15.759064
12.415642
12.262026
10.779247
12.625157
16.131484
17.053349
19.456982
12.377447
14.954400
19.137338
16.848072
13.539781
14.913863
8.228261
17.276215
17.346863
12.329105
15.388933
18.973636
13.649019
17.335015
11.716524
14.177825
12.702376
20.432067
11.239098
12.746994
15.620048
13.934779
17.305535
15.088476
14.828216
11.445893
13.916482
16.582464
13.045398
10.413330
12.996669
10.990473
18.447183
17.999874
13.098226
15.685171
15.103208
17.751268
15.206214
19.035636
14.007745
12.795403
13.447934
20.455527
17.132386
16.970897
13.261067
13.450894
17.690495
15.437254
18.498535
12.416510
12.847784
15.461793
19.362991
11.349090
8.648653
13.485962
9.094952
17.759186
7.813928
12.706716
15.783610
15.277744
21.307882
13.804030
16.167633
9.751109
13.915748
14.853685
11.683925
16.582893
15.352616
13.080416
15.453376
15.152473
12.424986
13.927474
14.911132
17.118081
19.781975
14.031194
11.334708
16.233447
10.715290
14.895735
15.512111
14.288769
17.647081
16.062610
16.061725
13.330856
18.114068
16.507570
13.449601
12.940696
13.287053
15.773075
17.934575
13.728592
6.855607
11.738134
15.871296
12.859622
8.560739
18.379350
19.938990
15.736686
9.672033
16.722234
14.575429
15.880679
15.100963
13.998741
17.791754
17.312164
14.555879
16.595302
18.511861
11.846549
11.379653
18.290523
9.559026
18.664508
11.803845
14.942557
16.913359
12.191969
16.061114
14.746449
18.498730
16.418483
16.292784
14.177740
16.290294
21.295804
16.902588
13.959253
10.334324
13.888696
12.965705
12.354639
8.864859
15.523969
15.211794
20.263308
14.807297
18.023104
17.159115
12.571603
11.163296
11.294032
20.067417
19.512717
16.832601
15.089422
13.707441
13.252546
17.141795
20.218451
21.312511
13.679336
12.148712
15.657246
13.675374
6.982598
16.458590
14.126753
15.515768
14.995418
17.473131
16.423915
13.540607
16.295504
8.106291
20.872013
12.582255
16.254969
10.912230
13.942829
13.331269
14.263301
15.298366
17.301346
16.237191
15.452287
9.894834
20.780292
18.599310
12.639198
19.647661
21.357642
17.162088
12.645550
18.138049
14.323445
17.827690
12.449773
13.749746
14.525024
12.659886
10.132795
13.716706
17.446351
11.343270
14.358346
9.975665
16.947660
13.253626
14.667626
15.182425
12.532671
12.269704
13.450116
12.585849
13.645808
13.200894
15.963337
17.675141
16.446822
17.709797
11.502240
17.273804
8.712117
17.349699
16.406668
12.576430
19.123855
14.317667
15.168042
11.592168
9.856707
16.921021
14.904541
14.765210
14.059883
20.620464
19.505810
16.851567
13.255374
12.081696
19.295261
15.121374
10.576079
21.975534
11.099622
17.793573
10.474887
16.240304
11.051802
17.776435
13.140749
15.243141
15.452459
15.909645
11.040669
14.762850
17.426454
20.556026
11.220262
14.360477
16.067826
12.557097
17.298356
11.814183
11.022632
13.810431
11.775666
20.403187
17.387144
13.996998
20.473805
22.443980
12.759111
15.647758
18.282098
12.028518
16.187598
17.025337
17.650290
15.355287
17.985633
15.327280
23.155365
17.720927
12.638327
16.266413
10.713001
22.277234
20.291511
19.190873
12.104170
12.661545
14.267154
21.308410
15.751708
17.610369
13.316819
15.123709
14.987078
14.414545
17.749223
11.143805
19.759293
14.202889
10.709442
13.221608
15.774487
13.846967
16.117699
13.194496
17.587011
14.341080
14.178813
16.160542
13.873678
17.460281
18.727385
11.244557
12.500491
12.994443
11.808712
10.070255
17.850065
14.435256
19.713307
13.239136
16.337471
20.250942
14.004677
19.046508
13.980448
15.550452
13.016591
17.904266
17.186424
21.139050
16.576306
15.182230
16.503836
12.738376
14.614392
19.097990
16.964016
6.337143
11.305555
14.245731
11.669153
12.083979
14.423295
14.630782
11.712754
4.165273
14.916227
16.398714
12.078362
20.394881
17.212702
16.154311
18.053116
18.212824
13.411436
21.125960
20.548735
11.920218
8.401077
19.748272
13.886909
11.180788
12.855813
12.014779
13.008292
20.010635
15.753301
17.202609
19.637109
17.193933
10.807605
17.409899
12.677571
15.270728
19.426158
19.653559
10.830726
12.886821
16.768527
14.898629
15.229986
16.613244
12.170853
19.412844
17.172685
15.402473
11.617744
13.902558
13.486323
10.562685
19.747374
11.616764
21.550769
16.341093
15.958484
16.954449
17.043029
17.527570
21.461837
13.385606
15.990177
13.896751
11.411257
7.724082
15.140321
13.071983
16.522130
12.513779
12.773473
14.855472
16.104344
19.044228
18.241960
8.866927
11.507754
14.657928
14.619050
17.352449
17.482389
18.453466
18.485677
17.627922
9.550604
18.371557
18.995742
12.199802
11.824265
18.501930
15.630362
15.817065
13.660281
14.787361
17.012689
11.389062
16.906966
15.698546
16.639678
11.275865
12.781269
16.538935
15.332098
16.018391
14.321226
17.180920
13.748383
17.207426
15.058274
10.945478
16.599716
13.292134
13.016189
11.804051
16.955345
16.454187
17.453370
13.178388
13.379787
15.958331
15.878433
16.686560
15.710916
10.828293
13.628034
15.551337
19.955745
14.926101
24.023132
14.787628
13.774074
16.866193
19.525857
16.391746
13.360969
8.617511
12.972214
9.738307
15.055809
13.552722
17.055259
11.222939
16.541568
16.629803
14.442476
14.613907
15.415105
13.176892
14.572258
15.976297
14.856791
17.914532
15.804502
18.202375
18.655354
13.493412
15.463698
16.250635
16.524199
16.025974
9.613835
12.563406
19.432778
12.338274
14.527166
14.032816
19.449134
16.688474
12.493046
16.594130
11.775186
17.464587
14.008367
21.344021
16.217237
8.886715
11.068080
13.584553
9.774160
12.910725
18.752806
16.249863
15.946672
16.060805
15.377420
16.224728
14.108220
17.700458
12.496381
16.742596
18.745729
20.799825
18.681193
10.500932
15.562540
15.274212
12.684418
11.812075
12.993133
16.588037
15.678945
14.230568
11.321957
17.698187
18.068626
12.454638
18.019054
11.827587
17.811286
20.142919
16.468096
15.603471
13.669190
17.389043
22.632015
15.718148
13.134527
14.392271
11.541933
16.398718
16.304858
20.658446
11.969199
7.425571
16.506901
17.328385
16.828741
15.060212
13.765287
14.727651
13.931729
16.371116
15.094221
16.959171
17.730317
12.373059
18.825441
14.152146
13.204464
18.127162
13.564200
10.836706
16.733421
15.383923
12.075997
9.589515
13.812053
12.661200
14.369151
11.366296
14.914340
17.818184
14.871768
17.847895
12.598193
19.706065
14.064407
15.764803
10.156182
14.899166
16.536204
12.477589
18.348805
15.469095
9.518459
11.957521
14.642593
25.792115
15.899546
9.998134
13.170594
14.258593
22.129980
14.999987
14.904138
17.073779
13.170445
10.756058
18.047455
16.345289
14.354348
15.348702
15.724257
16.958409
11.506707
19.214615
13.067858
16.309713
7.084581
16.620368
13.220373
18.395898
17.817791
14.964903
13.051304
15.297561
7.811114
16.442690
18.465412
13.236192
14.164988
17.735126
15.950111
15.381783
13.014620
18.143936
16.800846
16.354244
10.390535
11.776724
14.596077
11.983644
15.546726
14.693760
15.073203
15.362737
18.916980
11.113146
17.012981
18.594830
16.897815
13.635056
14.041056
16.683198
11.611298
13.930960
13.881891
15.497717
16.717960
14.376338
18.475761
14.510204
14.554498
14.071589
13.505160
8.656790
15.262971
12.675280
13.178717
19.265382
13.548259
14.851077
15.128671
17.353339
17.007675
16.306427
15.348751
13.232744
15.732269
12.300458
14.011911
11.626582
14.044707
10.216025
17.943555
17.078057
15.624655
16.554469
10.176492
19.290913
15.207115
17.908639
13.498238
20.170004
14.758180
13.077755
18.359446
16.264312
22.582486
15.444588
16.721841
13.462553
17.699411
17.557009
11.573537
13.727571
12.731092
15.795525
16.327961
13.683255
8.665957
20.110662
17.846122
16.278004
17.845702
13.753202
16.705568
14.846028
16.111967
17.790525
13.220864
15.753993
11.782141
10.420715
15.468713
15.890867
9.969308
14.036020
14.410686
12.518354
15.541881
17.675821
12.612626
17.793416
14.449790
14.646363
19.140317
23.105078
15.891608
13.077975
19.475968
14.105129
11.887235
13.052861
16.124016
12.712086
13.272021
13.947727
11.232185
16.235938
14.079977
16.003677
15.135135
10.997291
14.991357
14.100742
12.942349
18.250115
15.765054
17.152696
18.841315
16.891975
15.616198
16.962878
16.156479
18.847705
11.492943
12.201412
8.902735
15.889025
14.410847
10.872365
12.849342
13.641746
12.449075
11.977355
14.502151
16.461926
13.851555
13.066795
8.732438
12.531195
16.645697
15.514749
9.764554
10.604615
18.394904
12.952195
13.487469
16.159239
16.639926
19.239025
17.954638
12.994980
16.463059
19.260848
13.720132
16.949371
16.315162
13.146789
12.266300
15.181161
15.831742
18.240100
12.327305
10.153641
16.031133
20.139923
18.235439
12.521398
14.589551
14.410596
17.066747
14.578305
20.352453
11.055041
16.434717
17.003649
19.742532
14.446050
10.931046
14.803180
13.907274
18.118640
16.133645
16.094344
15.002257
15.469573
8.412944
13.704036
17.367959
11.845715
15.017742
15.245448
19.907161
10.788005
16.164129
20.194294
16.586839
14.031538
16.199886
17.847842
15.025726
16.396355
16.676332
10.888291
14.618603
14.198369
18.963503
19.094344
13.233565
15.213496
18.239441
13.571438
17.767774
13.760769
9.889791
13.581967
17.068493
14.953706
18.386804
19.373665
14.530729
20.024035
10.496333
13.574783
13.162528
19.532028
13.704975
21.677632
18.966128
12.416210
19.134736
11.117427
18.472361
15.627687
20.144226
10.082784
17.967902
14.488917
12.715420
11.037572
15.084116
17.038695
13.543934
13.056159
15.585274
13.454956
17.351708
11.338643
19.814543
18.487324
15.901050
17.008145
4.305790
11.367425
18.217357
12.800705
18.445802
15.901590
17.430691
15.298001
14.845819
17.788449
12.412182
10.352256
18.365779
12.616113
12.591533
7.995831
19.382330
15.401616
21.081909
16.759453
16.244787
16.579176
14.800693
16.056208
16.500971
16.923382
12.708502
21.998457
17.498758
11.455966
15.770470
17.668271
13.318324
15.783110
10.793351
14.405309
16.578031
15.704768
13.919081
18.108369
15.219329
17.942799
14.960594
10.636422
16.757112
11.442112
14.308562
13.027522
17.567657
13.585666
16.956741
15.200822
15.413142
20.251609
10.633429
14.565813
13.284913
15.864484
15.167324
18.909856
9.721963
14.101536
14.551955
12.008107
14.358555
13.355314
12.770667
19.286325
13.515242
15.650583
12.248495
15.027654
12.686454
15.557831
17.069422
12.294912
10.631126
10.739939
15.559764
16.953275
11.504374
13.012840
17.893670
9.949077
20.227065
16.989324
15.381674
14.672164
7.344068
16.211356
14.090913
12.152900
16.315452
16.702070
16.670770
14.090450
17.507574
15.103905
19.281784
15.892365
14.332871
8.793186
13.801496
15.998503
16.940391
12.419730
17.785744
11.131800
10.292254
16.730670
10.470253
15.956660
15.010138
14.676291
15.558613
12.913009
11.659738
13.533585
18.828437
19.806129
18.285146
15.901371
14.896915
12.187582
16.222954
17.428886
17.245710
13.179792
18.067067
12.027915
15.610797
15.861410
17.269943
21.919350
16.924280
12.217256
19.348396
18.284988
14.573969
17.084499
16.302329
15.576392
16.394889
15.753304
13.095988
14.113152
13.258385
10.717096
22.109482
11.948789
10.638470
14.402202
12.615706
13.730476
17.299988
13.544240
14.928711
12.495563
12.319007
13.654129
15.531886
11.068146
18.556689
14.418873
14.010715
12.225555
17.902978
17.657487
14.934488
14.385181
15.424311
10.834962
13.783131
10.248659
16.517388
15.222579
17.604609
13.546483
18.550723
12.147329
17.047973
15.428543
12.650330
11.999114
19.506496
17.952085
17.139737
11.939384
15.428414
10.134564
15.858234
17.487325
18.902855
17.158174
16.293782
14.089709
20.324781
9.690062
17.953568
11.708965
16.206054
14.280005
13.771266
16.015065
11.024901
13.182405
16.820398
21.831172
13.922795
14.289172
18.738068
10.832755
17.377399
19.942358
11.252748
8.744969
12.504283
16.847485
15.863078
14.220398
16.229105
16.007602
15.658785
20.741853
16.406670
17.621565
19.959564
15.675580
13.555659
15.322821
14.403567
20.445893
14.093619
14.137657
18.430111
12.801601
10.753528
12.688209
16.379371
11.716662
16.104040
14.717485
9.865224
8.427089
11.272835
11.901573
11.268261
12.689352
19.849890
13.708329
12.790684
12.225483
9.691736
18.389030
11.933438
13.754993
18.801438
18.513682
10.459473
10.129600
12.531191
14.097652
19.148487
16.323468
16.470064
18.606231
12.712583
13.596941
14.510016
10.767240
13.878823
18.227173
13.927748
18.042442
11.701543
16.005029
10.349559
16.918331
12.950218
13.632282
16.051546
16.318066
15.629639
18.275864
18.521401
18.428256
7.947417
11.318417
11.086916
16.546951
14.604662
13.186352
14.714052
13.318998
15.466765
10.710541
18.206160
15.502482
16.805075
19.287089
17.744037
16.231329
16.283096
18.702449
13.581646
11.580092
16.202027
14.759800
19.457540
13.266376
14.673113
16.062368
10.224148
14.368068
14.970200
16.904422
20.614662
6.715761
16.036290
10.521461
13.992567
17.092083
13.550038
18.653897
14.836125
19.233850
14.611567
18.619300
19.460837
19.603750
17.100306
14.009245
12.605906
15.060347
10.231332
16.472743
11.254770
10.754252
13.547399
14.522516
18.930413
16.209076
19.694256
17.512761
16.305845
13.730717
17.264312
20.833516
11.615797
22.752488
15.735180
16.822692
18.755878
9.718507
11.965086
15.001478
15.277417
12.466634
14.783773
16.401894
14.420673
14.833176
12.703038
12.824850
14.090808
15.503680
23.137817
17.197075
9.582860
15.545194
16.418296
16.710278
19.807958
10.485209
10.726919
19.965079
11.848413
7.777209
11.506609
22.602324
18.954191
15.507294
13.490046
11.849106
13.967744
13.290195
14.511899
14.796511
16.479603
16.291100
20.389563
15.075980
11.816393
15.845054
11.469848
15.159388
12.463543
17.720570
12.942811
11.917074
18.635892
13.268661
12.184851
17.197940
16.327307
18.755526
18.263434
12.954878
12.217731
11.801291
20.870149
17.787303
16.273974
9.910959
13.799538
12.844597
11.584009
10.666645
14.359300
12.680530
14.779965
9.246871
12.043033
16.674730
15.383697
14.370095
11.089482
18.356832
12.154641
11.613819
15.005051
13.592822
11.304135
17.462660
17.727370
12.349947
12.060116
13.764591
14.582012
11.470014
13.258206
13.434116
18.746358
8.862815
17.952850
15.743840
11.204376
12.644059
12.181238
13.548138
15.817892
16.687625
15.750429
12.637176
16.583953
12.324975
17.911483
16.195574
13.835888
11.159200
20.663602
13.797619
12.159408
17.750266
17.434219
15.133403
15.425566
14.935785
15.442944
18.456652
13.541729
10.812113
17.596518
15.840445
13.395903
11.562302
12.347975
18.029146
13.916720
14.059922
15.701862
11.199355
10.512005
17.070561
13.166546
10.065543
17.954736
13.427298
17.398835
18.855207
12.729454
18.335211
16.528821
15.442117
14.990799
20.082960
19.689027
19.734447
16.808847
14.362624
15.224148
11.790062
12.544414
13.684234
17.860992
14.596291
16.637454
19.666036
17.122172
16.772673
13.876629
18.681418
9.739736
14.285965
16.075889
17.261384
16.188290
15.975220
13.538078
15.051118
11.181521
15.308559
15.893310
12.055185
12.514022
18.999739
13.304501
15.294665
14.859180
15.671961
11.235989
12.264090
20.576329
10.581862
14.742108
11.835191
14.564949
11.295071
9.343404
13.386293
15.062766
15.783851
14.639536
18.207906
6.609903
14.332785
16.143804
15.484998
19.072736
19.853172
17.447674
15.463244
13.061410
13.313468
16.529173
17.381093
19.036368
20.054770
10.611529
15.652892
12.745124
14.147437
17.097103
15.717752
9.235113
15.309144
13.082523
12.126838
18.101022
18.395231
16.238667
16.951165
13.215183
13.657294
11.898675
16.637029
14.492388
14.585626
14.868017
14.658338
17.323306
17.040282
15.009822
13.098714
12.622094
17.637641
16.542880
6.409144
11.131842
9.695109
14.662352
14.990310
14.590865
16.427415
19.513516
15.965423
19.149641
14.533137
17.418548
15.461676
17.745871
11.528962
12.013689
19.136722
12.975142
13.863241
17.117355
13.814421
13.577775
14.020971
10.652714
15.026290
14.668488
13.860362
9.081141
17.509168
19.633642
16.922819
17.959961
13.533507
12.444918
15.864223
9.715925
16.178560
17.550131
13.835714
17.118479
13.145223
22.782211
11.948411
16.288715
18.930566
16.074008
18.474109
11.849236
10.004763
10.526266
17.229253
17.833699
12.898649
16.092763
13.827489
17.338229
15.939354
12.203967
12.149558
11.214931
14.516690
13.427471
16.209765
8.159002
12.993687
13.973544
13.710241
10.935334
17.109400
14.807451
18.384292
13.006079
15.594644
18.607928
12.809550
8.284045
15.222588
18.062484
14.457150
21.349169
14.461469
17.748657
13.680307
15.765176
9.536817
14.312111
19.307795
15.705991
17.887874
9.447101
14.802673
12.582289
16.045041
12.432482
14.758568
12.212033
12.899858
12.379708
11.230069
16.535090
19.727840
12.739479
21.585054
14.296595
16.208199
14.673528
12.791423
20.965683
16.923801
14.496639
13.291297
17.993657
13.548202
13.884717
11.895055
14.033233
15.534689
18.852323
16.567121
12.065451
21.765829
17.518269
13.951195
19.319919
14.599190
8.460838
8.904004
14.437872
13.371966
13.519545
20.534458
16.965710
14.697982
19.227629
12.095447
17.107847
14.381706
14.716203
18.188687
9.455129
11.864152
15.516667
18.721083
15.548406
13.330892
13.000409
8.417475
13.786728
16.248764
13.312247
13.950762
13.502334
14.183425
14.608493
16.410766
14.721713
16.208875
17.793539
15.667813
13.163694
11.812489
14.972264
13.631271
11.332372
13.629118
16.223671
16.329850
13.620754
14.225527
16.735557
18.085759
20.668121
15.641510
16.807661
13.053327
20.359378
16.525014
19.421838
15.910694
19.199591
10.694555
13.305426
14.079570
18.212336
20.713701
10.497918
17.782875
15.248389
10.160395
10.238571
10.898795
12.655485
13.547204
18.100941
16.733592
18.155550
9.516463
13.628297
12.963774
13.231207
11.890398
14.771458
18.808009
11.647509
13.838357
16.325804
11.715947
19.797857
11.435544
13.878283
16.676555
18.680459
13.052509
10.783936
16.524398
17.702993
16.164905
18.138359
11.871176
8.693997
12.847564
11.955784
22.730474
15.884541
16.092131
10.944276
16.508531
13.186361
13.873313
15.078453
17.776329
14.644578
16.002040
17.157433
13.722307
15.643930
10.474775
13.749388
14.469054
14.214465
19.705106
13.507044
18.076164
23.184209
14.133189
15.591887
19.364072
20.621135
12.787055
16.261181
15.663968
12.197979
9.686096
18.001019
17.720973
15.026004
16.375531
23.101946
13.891789
13.059066
14.506616
16.617480
11.649012
11.902846
19.197607
8.927421
16.907548
11.559705
8.455537
20.328615
13.491218
19.274672
18.450423
10.923347
20.390927
11.299802
17.834002
13.524873
14.860904
14.781218
16.056022
13.391076
16.761173
16.115889
10.761057
15.005991
13.568945
15.399937
16.406387
15.451997
16.629146
13.979410
16.123935
17.868294
13.324657
16.946429
18.730662
9.390442
16.886407
11.671982
12.636141
12.849926
19.646854
20.515733
18.586775
13.899597
16.618446
11.201851
10.337130
15.401972
15.489967
14.532569
18.034434
14.031239
13.040522
15.016073
10.885474
10.260880
14.357292
11.902408
11.355081
15.615225
16.122029
12.641521
8.694987
16.531711
13.659916
15.023407
16.853721
14.671671
18.041685
14.449227
12.347201
16.196927
13.456813
14.251302
16.887308
17.106920
20.813658
17.129452
10.738480
13.865523
10.211941
15.257272
12.936110
16.028419
14.073461
14.384297
18.774785
11.252884
12.570398
8.654415
13.364262
19.358617
20.409848
15.396592
16.878091
16.522100
19.211498
12.760834
16.356692
15.852969
24.004797
17.002308
14.899645
9.398289
16.791984
17.582740
7.835036
13.537637
10.995220
12.817779
10.186425
13.542500
15.576911
21.470820
10.043901
14.450280
13.850422
17.542729
15.436833
10.628223
15.594115
14.695735
24.522664
16.123956
14.650552
15.655943
19.928220
15.684902
20.392324
14.299160
15.691092
17.305228
16.120551
16.660236
12.573402
21.597081
18.677859
19.847376
12.002554
14.764451
13.644597
16.182597
15.700695
11.341751
15.793549
15.729514
16.877905
13.269592
11.190860
18.417584
13.465220
16.091610
10.974540
15.152046
18.357334
16.259518
16.345999
14.641186
14.401053
13.809630
18.731409
22.867261
17.921301
13.936373
18.643151
21.434895
12.928113
12.704347
11.978635
16.484635
15.503190
18.630811
12.904009
16.398124
13.927144
20.727122
20.772213
18.804066
18.896748
11.529598
21.719278
15.656615
14.134205
13.162927
18.933751
17.693527
17.245222
4.905745
18.093793
15.541633
15.353203
10.879299
14.540809
16.970605
14.526595
18.953190
19.618668
13.618115
16.110078
17.167053
15.421653
16.930316
16.546569
15.968015
10.684258
16.827490
20.070033
18.139935
15.293168
13.761113
12.716494
12.956591
12.324000
14.603921
12.443703
15.363583
10.801492
13.018108
16.513350
17.302615
14.385177
18.263535
13.289610
13.838162
16.281327
13.420626
12.769283
10.668966
16.108913
17.663963
18.553802
17.435981
13.771895
9.754485
13.203760
13.069501
13.595227
17.349487
12.691327
16.460195
12.126406
11.643848
19.005106
9.515299
14.663249
21.150138
17.810821
20.054738
17.632745
12.360892
13.203857
14.799030
19.401776
18.305634
12.834080
11.971886
13.570236
13.449588
14.033592
11.481606
19.766071
12.632231
18.476856
10.092748
14.291099
19.229203
17.630638
12.347021
15.434366
15.003046
13.279913
15.103872
14.389993
18.346212
15.256498
20.272903
12.895033
14.650556
11.575019
18.904062
18.308985
13.047749
14.738401
17.713698
20.845849
15.546298
17.147783
20.681088
16.116642
12.390129
10.022882
13.913597
7.792063
14.811528
12.554791
8.750350
20.162801
18.663999
13.140407
15.885673
14.711950
18.562421
18.256230
20.034603
18.201935
18.013591
14.443009
19.633501
19.002203
10.700756
15.791393
16.494611
12.071635
15.451734
13.452367
13.573501
22.136258
15.407046
18.476166
10.245536
10.565726
17.295654
12.895694
16.957150
11.021396
12.127308
15.012892
16.640347
17.155683
16.713635
15.354011
19.212086
15.923555
17.104146
7.726577
19.599722
14.406131
15.436213
13.466543
16.638963
13.554121
13.634666
20.681165
20.161019
14.727497
16.625401
13.362514
11.071153
15.918409
13.721883
16.958400
12.779569
12.958592
15.072547
14.110175
16.085405
13.134278
9.749568
12.270519
13.946799
16.096594
9.781505
13.814525
14.924448
11.223478
14.210483
16.428642
11.707626
11.501941
11.718489
11.701536
13.571767
14.611837
15.086304
17.194992
11.607673
12.968935
16.018712
15.963752
12.312898
17.039045
18.247672
13.278695
20.811700
14.731506
19.479472
8.872494
17.591463
10.974916
14.364725
15.609080
15.201328
17.695260
11.841088
13.691297
12.242339
15.060826
16.997683
14.448631
21.195925
13.046396
14.683744
11.804315
18.683721
16.138350
23.093556
15.076248
11.965848
15.098481
13.620807
14.529743
11.250283
14.369919
16.856153
11.232184
16.828904
15.498107
20.746358
12.350668
15.010978
12.598242
12.137198
14.846500
10.330540
14.273938
17.404468
22.040451
8.281271
16.743447
12.886213
21.487114
18.286014
12.942227
14.322356
11.366103
17.851319
12.307676
16.084658
18.069620
10.627690
21.028244
17.134903
13.376684
12.914883
17.092552
14.948787
15.799679
15.117280
15.772957
16.915076
12.882514
15.454717
16.360809
13.055075
14.316033
15.244147
11.096326
18.589329
15.525960
12.028580
16.710945
19.111683
16.679006
19.561717
15.329309
17.908681
12.362882
17.941142
16.684065
14.837482
10.127065
12.815547
17.613746
12.011929
16.670041
13.819008
11.782655
17.070093
17.313875
12.065184
16.412787
19.893178
12.476091
16.683526
18.428059
10.275741
12.868191
11.865357
17.564471
17.257895
18.527771
13.733583
10.844765
10.112282
15.814143
15.446132
9.436671
8.685419
17.949061
13.365157
11.759163
17.309603
15.125176
9.386910
13.149564
11.881003
16.654373
20.572582
13.104251
17.594318
12.652659
13.974949
14.641753
15.757518
9.621028
16.134888
16.167561
18.439596
15.485046
17.819962
9.909670
16.201834
9.318176
19.301191
13.995789
15.634086
8.656938
14.750818
10.593215
16.684552
17.976363
14.456105
12.442898
15.542023
11.854630
12.672137
19.672317
11.143009
10.867646
15.965008
18.497228
19.264946
18.129763
15.535806
13.944076
15.348313
16.247478
19.289213
17.470327
7.570846
16.638465
13.882815
11.546601
17.632206
13.171000
18.381110
14.848017
12.041714
17.011820
18.105703
16.711704
13.561599
18.927959
9.425534
15.578640
16.610244
14.564185
15.289462
9.716313
14.934371
15.962831
15.639803
14.561291
11.702575
13.303865
14.393302
14.928292
10.248362
13.404883
15.378349
14.401913
15.861671
15.487686
9.680116
20.663401
13.803382
18.211174
11.747916
13.506083
11.381460
15.139241
17.862685
15.862595
16.361599
16.713000
11.502092
13.484200
14.730934
18.603319
14.590726
14.393031
17.303434
19.392201
16.996161
16.845112
20.548836
15.172766
13.398766
16.309471
12.501052
20.460309
13.046543
16.370225
16.622208
14.082243
12.884345
18.719765
20.641038
15.223534
16.265694
15.361638
16.072492
13.654317
17.440066
14.426649
18.478039
16.212624
15.496474
12.073629
16.928952
12.076737
20.030474
14.094127
13.136809
13.932334
14.445518
11.741319
13.158857
17.871187
13.312045
18.353745
14.156321
14.778418
15.877283
14.645420
17.023100
12.885462
19.177802
19.882206
13.558506
18.233208
17.688234
17.519550
10.624630
12.448585
16.074958
11.301290
13.312708
16.238090
14.445477
12.252067
15.698900
13.212290
14.786123
18.164095
15.287734
14.959340
14.861818
15.595893
16.615469
13.943239
13.216826
13.891520
15.228310
15.813915
19.618980
11.366016
14.803855
17.616116
15.370923
9.701127
16.351095
16.106616
21.251168
12.467655
20.916471
13.729809
12.507764
16.806705
21.905678
17.372318
15.645803
9.134615
12.593449
13.140200
17.567667
15.186605
11.722969
11.269040
10.194846
17.696635
17.423795
18.136877
12.246242
14.995996
13.348666
11.256063
19.981081
15.404455
12.679778
14.878880
11.824783
14.996547
16.444009
15.251241
13.912441
13.622344
12.739956
19.301312
11.548841
13.691886
12.325027
18.414157
14.214149
19.843107
17.838084
14.339991
13.952024
16.366578
12.598020
22.142323
8.855681
10.379398
13.952565
17.784263
15.502178
16.176291
14.483502
16.474291
18.514988
18.833264
16.878965
17.507833
13.318775
14.199877
11.394197
18.886636
16.839406
19.781369
19.256010
14.693146
17.896804
9.233728
18.621807
20.070251
17.357319
13.464509
12.275845
18.248980
14.874137
14.182391
14.484597
11.084450
17.129658
16.465476
13.093070
17.424206
12.234051
14.727155
20.296012
15.065746
14.500337
16.816152
14.652446
10.120697
14.582784
11.124833
16.100453
18.804266
11.887482
13.217270
12.028089
20.235428
9.066043
14.221619
10.010692
16.886480
16.265003
12.081659
15.981940
15.077575
15.705138
12.024470
14.129912
18.035819
13.758975
18.175713
13.160871
16.598193
20.859957
14.160313
14.085985
11.530549
11.562091
13.279517
13.134326
15.731462
12.050984
14.340521
16.281506
16.680820
14.187210
11.678344
15.263813
11.869812
13.528924
17.603643
15.475731
13.962295
14.747283
13.292855
13.287504
14.237315
13.565935
13.754040
13.486406
18.050088
10.868951
11.914008
19.635129
17.620226
13.519434
13.856612
17.358702
9.877703
16.997095
11.245106
19.433461
14.759330
15.289023
18.173282
19.047725
15.865932
17.901111
11.494644
12.582093
13.385357
17.896325
14.123247
14.024169
17.050172
13.981773
14.870515
10.864144
16.091835
8.798116
13.338187
13.953337
16.256624
14.988872
11.049281
16.352143
13.063848
8.251304
15.730520
12.431498
14.420188
12.433276
17.230631
18.185271
15.198698
15.551632
21.096795
17.536832
11.811317
15.667969
16.300824
19.643832
15.339724
21.919312
14.853578
15.957601
18.326691
9.134396
16.583276
15.080619
15.736136
13.131302
21.048320
13.377747
9.388599
15.425207
13.714889
16.215002
14.461009
14.649090
17.833776
13.469256
16.133434
15.430735
12.669753
13.933653
16.083279
14.112183
17.070274
14.116482
14.555888
15.371937
14.578125
14.840807
12.755832
12.789456
10.701082
14.460729
15.855405
13.354118
17.491807
17.606846
14.631582
11.902826
11.871798
11.832981
18.580681
15.557492
14.834212
10.788492
12.569635
8.920511
12.932669
14.369959
13.383951
20.571322
15.047163
10.833348
18.192877
15.831389
14.518448
16.425820
17.233835
10.459217
11.186477
12.621588
10.605649
15.071351
13.803567
10.030242
13.890808
14.670090
10.045128
11.823875
15.409037
13.897903
18.114969
11.911882
13.057258
15.719776
17.895768
12.333410
14.379142
12.752356
16.471019
16.478427
20.387031
9.595592
14.838727
20.320286
14.084122
16.236855
12.710293
11.742142
12.842091
12.215974
16.198561
14.880930
13.314906
10.659787
12.792512
19.506223
14.712612
16.923469
15.591869
11.103573
17.630891
11.150941
14.154403
12.380399
17.975544
16.987210
11.316273
12.841541
16.183376
16.259440
9.809877
18.228335
17.287377
12.463128
13.488475
13.452639
15.434918
12.886083
10.456627
15.177229
15.566965
11.326285
16.899039
14.682803
17.567705
14.195980
14.740882
11.640638
17.538311
15.301854
18.290727
8.990881
18.947012
12.841857
19.895431
13.071668
11.761528
19.081410
18.545830
16.391488
12.549660
14.679874
15.616536
15.087230
15.244311
10.727912
11.686582
14.068406
15.608940
10.522217
18.383039
18.792368
12.991158
17.874845
23.472205
17.485733
16.956828
8.348432
14.134318
20.515299
16.767934
14.457400
16.807327
17.497353
12.748678
9.996727
9.842819
15.349201
17.285265
15.851441
13.477491
14.843556
12.958095
19.031466
16.139696
15.869664
11.980018
16.602958
12.308801
13.126078
11.870151
17.764448
18.549402
14.500665
19.472586
14.304709
12.375186
15.937507
12.419252
14.934371
15.292184
9.666243
16.778151
14.014413
14.213633
12.502185
12.816187
19.789485
19.911769
18.472464
16.368251
14.327376
19.737008
14.552261
9.406552
15.008283
14.244165
17.357348
14.582291
17.887591
15.205812
8.591675
13.070650
7.630551
12.601893
9.500510
10.985339
18.959107
20.403696
15.524897
16.548116
16.638639
17.066393
17.434873
15.802468
17.113635
10.074901
16.485803
18.697192
16.611108
14.690145
16.688464
12.094481
13.695295
15.594796
17.211218
14.896235
14.647621
13.839251
16.317447
14.552087
14.235914
15.787797
20.767088
13.809187
15.275692
15.580806
19.802625
14.409633
10.916271
14.214269
16.138564
14.758036
17.917415
18.219056
14.957523
13.049354
16.602634
2.155118
16.427933
14.147991
15.560494
15.368880
9.176138
15.767953
15.574509
14.335013
15.872002
16.266936
17.466272
16.435393
17.547328
15.406711
14.111592
18.436938
19.283615
18.228891
11.450067
16.667488
13.092224
14.059730
15.462986
18.768094
12.552769
13.422724
14.984198
17.182530
15.305141
17.194148
16.534629
16.290362
14.548665
15.001398
11.798494
19.467326
16.548603
15.432974
14.443055
12.473696
17.163937
13.466588
13.512244
11.260057
16.297663
16.945934
17.483522
14.845611
16.207068
17.214114
13.837807
12.696407
15.302302
19.024371
20.383941
12.733054
20.526671
13.844810
16.987466
12.136620
9.327231
16.677065
14.122879
18.056447
16.772451
15.511889
13.068750
15.896841
15.447791
14.742741
12.479407
11.763782
16.847079
15.724838
18.742987
19.198107
13.320053
12.290566
15.119948
12.290681
16.280498
16.671335
16.423086
16.474345
14.334457
13.885788
19.411672
14.653522
16.989813
11.969764
15.255791
16.705827
18.717713
12.489433
17.219260
11.706976
10.073508
12.468855
16.986243
13.221609
17.270913
12.167135
14.039689
13.734254
15.463010
16.354152
13.822655
21.877296
14.772410
13.132869
19.134504
12.641262
9.864872
13.679836
18.673484
12.068600
15.426940
13.289367
17.907734
7.628771
16.034404
12.933166
15.678611
11.510889
17.322337
13.065667
11.797256
10.022867
17.102918
12.116383
17.555247
14.562224
7.222642
16.527833
17.104549
7.682220
10.609005
14.110903
10.176440
13.948154
15.567921
20.760413
14.864620
11.456415
14.671096
14.723758
19.453611
11.596487
11.948455
13.826448
12.059932
8.635094
13.253189
17.186058
15.458159
17.051180
13.874559
16.342324
14.824311
15.036288
18.148993
11.907841
14.665817
17.314503
20.189008
9.592814
14.653864
15.758294
12.999181
17.681371
17.056037
13.888694
23.752296
16.968184
16.789977
12.560275
14.783285
15.989978
16.231233
18.032745
16.367173
14.850985
15.109533
16.075010
16.838913
11.970685
16.016157
11.359924
17.737838
16.945274
17.607389
12.000560
16.120409
15.110900
13.666221
12.106493
12.086220
11.225480
13.513789
16.381465
12.720039
13.083112
15.223161
17.249108
18.354784
12.554621
15.077955
14.331519
15.485090
16.612975
16.196807
11.881360
10.848593
18.945050
15.442191
13.420929
16.788488
15.831566
15.729824
16.988115
13.633751
15.127441
14.062611
14.269602
12.506987
16.665694
11.915279
15.272973
14.055196
13.350281
18.884931
17.562677
18.171516
17.580207
17.787281
17.978344
17.188041
15.777320
15.802614
14.172189
17.479181
16.454278
18.591460
10.215457
16.446786
16.019341
17.654484
16.150381
13.087333
12.003767
13.116092
18.110751
20.436724
14.111897
12.862811
13.618083
14.322069
14.889620
17.106456
10.672365
14.494717
7.418483
19.840277
10.631492
13.355662
15.152377
9.997444
12.695521
11.544643
16.379202
21.078395
13.188740
16.856923
15.860118
18.482650
17.187667
17.621159
14.064892
9.660778
18.649079
19.589066
16.763963
10.631428
11.716193
15.527663
18.285163
20.199674
17.364710
18.298375
7.998324
12.720042
14.168170
13.423264
12.894324
15.716112
15.334471
13.143848
12.614156
17.162103
15.941364
14.857010
17.942198
15.796804
16.512262
11.840476
14.801021
14.359653
17.739701
15.464934
11.945536
17.650894
15.809855
11.695116
14.275396
18.313821
16.696096
16.846492
15.853579
11.517430
11.486844
16.704229
14.208235
15.742737
12.237198
17.684398
15.445421
12.501423
18.058323
16.160007
7.660801
19.334594
15.059532
15.285055
14.360726
16.069800
11.669038
15.713642
15.851715
14.980787
11.027310
11.797361
17.711915
17.300613
14.702827
13.802981
7.947032
20.475072
14.961582
13.315286
12.530835
12.718945
14.758375
15.897210
14.418825
9.433193
15.510401
11.558753
15.519063
18.305286
16.241295
11.187460
16.186222
11.205294
12.631908
15.693286
18.868909
15.001060
20.934614
10.361702
16.767952
14.068917
11.513473
8.011209
15.029348
16.982948
18.800263
15.146005
17.820799
11.046029
11.445011
19.245236
11.190562
10.899190
12.888582
18.468767
21.477618
14.743140
13.438628
7.500407
14.784002
11.187994
12.620717
17.554779
13.642632
12.990143
17.706120
13.621586
15.135031
14.213875
10.372752
15.602785
16.146275
18.407646
12.959372
18.803849
18.132244
16.686494
20.577697
11.981643
16.130275
18.751602
12.135702
16.237698
16.162688
14.451740
20.102400
16.308612
16.687307
17.361384
16.297147
16.436683
13.917238
17.063318
14.197910
16.211210
19.219608
15.681069
13.478565
19.588821
11.541965
18.928805
14.527193
18.016121
16.333936
12.378542
13.098874
15.987072
20.282952
18.670992
19.972261
14.095549
15.782039
14.678849
14.243199
20.827858
13.633696
12.608464
9.553029
17.998623
17.176633
18.894847
16.231007
17.519149
11.468401
18.624361
14.826832
16.605540
10.739786
18.304776
10.563197
19.403327
18.496669
13.083912
14.733676
14.789804
15.180516
9.669411
15.357402
14.608707
15.743636
20.224697
11.222885
12.761176
15.141278
16.535085
14.446943
16.045008
18.909365
14.550801
17.905687
11.816184
11.502666
11.661237
15.506781
15.856781
16.896014
12.679367
14.614149
9.524426
16.197333
18.306028
15.814013
15.891158
10.213890
16.849956
14.841590
18.519210
10.955971
16.861208
20.262925
13.023229
10.018474
12.968364
18.077926
13.548665
11.973718
19.036626
16.578322
14.699783
11.907372
19.392673
15.657777
13.715367
9.347111
13.157467
18.963520
17.005496
13.886323
16.147919
19.326006
18.108462
11.732030
15.488975
13.257568
14.526612
11.417733
10.277208
13.450893
13.607474
16.723201
14.431723
13.674362
13.895821
13.518291
16.929399
14.306510
16.276670
17.337759
14.273789
11.861508
17.587981
15.085380
18.560466
19.049890
15.186643
14.497333
15.055862
11.582823
8.014441
15.597377
18.131148
13.576511
15.764201
14.637114
15.894226
10.594174
14.593059
18.082918
11.437281
13.408329
13.981377
16.222898
12.454214
13.531458
15.481994
16.103684
9.331581
14.047789
13.505884
17.831664
17.479051
11.067711
13.359914
10.110333
8.131224
12.775898
15.349892
12.753814
14.341422
18.598692
14.742362
14.999754
17.007705
10.094070
14.011035
16.747215
13.045261
15.413490
16.123980
13.699321
16.815987
17.022024
16.629220
16.774410
15.415776
15.618920
15.252078
17.428803
20.920732
14.154287
15.460228
11.859656
12.358712
13.043639
12.504972
17.062047
16.160259
17.008412
16.970378
14.703119
10.282506
20.272704
12.854588
14.369839
14.251849
14.918110
18.722181
16.666502
19.452097
12.076720
8.958745
21.510296
12.477817
17.342323
17.967354
18.749629
16.935857
16.497866
13.124564
15.485841
9.718135
13.430287
15.861123
14.854021
21.838357
16.100978
13.200741
15.811883
9.939496
16.265556
16.662871
15.867331
14.720774
13.514588
12.190537
15.651200
17.657698
13.513052
14.791041
15.326615
17.330631
14.442843
17.225915
15.924989
18.682743
9.277042
21.865098
14.903783
18.573307
17.131580
20.130132
21.783608
11.670255
19.343434
8.847985
10.324262
11.310503
18.990893
16.107622
13.023317
16.196206
13.913296
15.748245
17.860316
11.549608
11.570393
13.159174
10.235226
10.559203
13.454146
15.458887
14.785821
10.731550
15.215924
17.040735
16.297171
13.116840
19.384127
13.933709
12.954182
15.484120
16.090369
13.236345
9.827883
18.098168
15.656446
12.138815
17.677767
8.075802
13.523212
14.218766
15.691853
14.236170
12.226644
15.571840
22.517006
14.391811
17.740224
15.362109
18.846728
17.744679
11.652178
14.093730
16.474669
13.717369
17.042179
10.220501
15.817588
18.024305
17.337465
16.609437
9.801297
12.840097
12.628740
14.245683
15.705064
15.881634
11.353657
12.587395
15.211929
12.057607
20.413053
16.593698
19.417983
12.062485
13.897935
15.400118
8.237006
17.609771
17.401853
14.594996
12.399588
15.474216
14.940908
12.786914
14.634164
14.430088
12.271663
17.701133
11.701262
10.844640
23.394259
12.141872
12.400104
10.820348
15.686371
12.446489
12.153565
14.707183
15.303994
17.878372
15.868917
20.669558
15.088579
15.176653
16.387624
12.100378
16.594410
14.595245
9.183794
17.840092
16.470196
14.296589
17.113510
20.533368
16.397857
14.328720
15.764289
14.456091
15.300294
16.103990
10.113168
10.357813
12.771515
18.311322
14.930744
14.108611
18.203484
10.457691
9.000698
12.738811
9.865189
13.574828
16.589558
15.935281
15.479643
12.475928
14.588183
18.880316
11.533512
13.182551
15.746427
16.311371
19.091841
15.065681
13.784395
16.992821
12.356145
10.356175
15.539818
12.205970
15.536330
13.035394
11.455624
16.021544
13.629195
12.474888
13.335933
17.947897
16.662623
14.199541
19.035641
14.278935
12.752691
14.238981
15.507907
12.745182
14.327884
16.378980
13.635186
15.144229
16.335253
13.665008
14.441442
20.529306
10.914970
17.929441
11.279301
14.718578
12.678433
12.812871
13.380970
13.754410
9.246771
12.519178
13.460200
16.800902
9.114921
14.113987
10.440720
12.363025
19.721139
10.789044
15.078551
14.017599
17.932569
18.080011
13.911237
12.707010
12.469434
17.159397
20.881845
18.183414
14.849115
18.081262
12.761170
17.916118
12.974523
14.583472
11.641292
20.555583
15.754378
11.237878
12.255940
18.836147
18.240540
16.934528
13.942307
9.533363
11.823523
15.401765
16.569533
14.183585
13.702072
17.599741
18.605244
13.414824
15.077863
12.896969
17.097103
17.029628
16.602630
16.564151
13.265696
13.726163
9.840893
15.906745
11.195859
16.617979
12.221467
18.063031
13.579795
14.304468
12.700496
13.410480
14.558573
13.231039
12.152061
15.809845
14.088052
13.843604
20.221050
19.928069
14.446103
14.577065
17.678532
17.253671
13.877358
16.402444
14.766637
12.487727
11.536460
15.823917
10.247002
18.954112
9.811287
15.579145
16.198663
22.049837
16.044735
9.733377
16.484291
12.103859
15.740717
17.445823
16.777966
14.323927
13.810982
15.457271
22.762147
14.379796
16.628875
13.146240
12.245196
15.472334
24.669794
16.366374
13.989016
14.835505
19.377062
16.051244
21.209685
12.131001
12.484186
11.630547
10.787939
12.857101
13.866448
15.145451
8.744121
14.398582
13.175939
14.162858
10.620914
17.712262
14.144556
18.089256
15.428084
16.998523
15.804810
16.816858
15.671499
12.001378
14.591628
15.028093
19.140990
13.424848
13.561940
13.336669
13.548486
17.300631
16.264512
16.351952
8.859009
12.723333
10.093182
9.327397
13.266468
18.382937
10.014855
18.350549
16.316590
13.138631
16.984770
12.864823
16.751807
16.326676
20.520894
15.703149
16.170719
16.026056
12.799527
10.597028
21.907073
11.983313
16.982533
14.876792
14.376048
15.624336
13.667560
12.826380
11.181572
11.757079
14.493998
15.422054
15.814801
9.716293
14.844258
14.638173
16.128790
18.104418
14.122522
11.748317
13.701721
15.911448
17.690974
13.594478
22.044722
18.341669
15.533109
11.507750
14.083439
14.668503
18.244713
14.009544
11.563587
14.642242
17.021765
14.865292
10.920946
16.818308
16.045373
17.441138
14.864643
11.248477
18.710652
9.710725
13.820331
14.246543
14.534506
21.710790
13.374722
12.643445
9.238519
17.989656
11.282628
10.468812
17.663061
17.008548
8.381738
11.353992
16.636038
16.503429
13.295520
16.024555
17.367021
16.699324
16.494711
14.628492
14.402789
7.678098
17.599153
12.873751
13.949898
15.163221
17.278442
21.438525
16.823677
16.594280
18.632795
12.114194
12.498669
14.355694
21.385766
11.746442
13.905239
15.874480
18.915618
9.828777
15.805128
17.393482
8.404252
17.189757
22.378212
14.040924
11.877556
15.255996
13.557949
11.160800
16.062149
14.148085
13.471596
12.542549
14.072765
11.032189
21.889173
12.465392
14.897998
17.694729
16.719617
11.149653
17.466742
11.300818
15.201217
19.901537
15.711698
16.296763
15.172184
12.195743
12.112024
14.022064
19.597581
16.417631
12.891340
19.968641
17.029708
15.190601
13.775951
20.828366
13.476320
12.873495
16.460155
17.950090
18.217290
14.653521
12.272081
11.459085
19.314214
16.725868
14.446779
16.832976
13.009114
19.152134
15.674878
17.665875
9.794534
12.370419
11.640777
19.219632
12.021437
13.574295
9.632713
8.241073
16.308628
14.690348
12.960689
13.703212
15.459748
19.345488
15.754840
14.547882
18.345875
12.738646
13.624823
13.651699
13.719746
19.812652
16.322040
11.182544
18.425296
17.983115
9.572154
20.739340
14.857530
8.471402
13.931627
12.121967
15.313574
16.854342
17.328230
18.290741
18.867763
17.556579
23.522861
18.652205
14.729659
11.080555
14.163515
12.619393
19.632109
18.268792
18.579056
11.268534
17.983736
17.498400
14.465444
15.270816
13.364835
12.872057
16.455498
12.386531
14.996917
14.691841
12.434479
15.913644
16.458412
9.352340
20.004662
14.051126
13.624317
19.650300
14.434289
13.741783
14.803075
14.425790
14.283360
12.533878
13.824676
18.679513
18.209740
16.288924
14.234161
15.739399
19.512873
20.039609
6.274515
19.628214
14.275901
18.150639
17.893213
14.265771
13.372112
14.456628
15.810102
13.964323
13.549646
19.221143
15.715521
10.154614
14.026959
18.947622
16.899948
14.424625
15.232745
8.431552
13.765730
17.805975
11.542101
13.227242
20.380064
11.858965
11.502404
14.264523
15.571741
14.361484
17.279621
14.882234
15.012623
14.625459
18.523593
16.785947
15.896109
10.101988
16.166117
18.300194
17.205058
20.181753
11.869728
20.107950
18.627245
13.961581
12.954638
15.158962
18.982237
19.346228
15.690713
13.565800
15.588006
14.756470
14.432536
12.841290
14.939518
19.477688
13.513486
15.440350
20.833234
16.254182
15.623247
17.431698
16.909983
11.975111
10.187694
14.137187
17.131484
14.269021
14.725126
12.187316
13.097536
11.292099
14.150193
16.723949
15.113245
14.159093
15.713427
16.226422
16.983049
16.209215
17.601244
11.185383
10.451041
14.463021
14.748277
15.919354
13.131994
16.468384
12.333891
15.399378
19.063491
14.965057
14.820861
15.192162
14.553702
16.592668
12.656409
13.701714
12.523184
17.909268
13.720939
11.594080
17.111656
13.679931
11.986635
12.147329
17.695937
18.676503
18.651124
17.010819
13.005702
11.213911
18.411371
15.354204
15.845580
11.356607
12.560837
10.992738
13.568199
15.577832
12.837884
16.845521
9.335475
20.105988
16.240388
12.023573
16.013294
19.080206
14.800034
14.379847
18.867187
14.824028
12.868961
15.045738
16.975433
16.020555
15.984751
10.922164
13.256566
16.640493
14.490795
13.459080
17.611550
15.385212
15.075031
15.528076
17.403092
15.537572
12.959957
18.904121
10.811710
16.616722
10.175913
19.778874
15.556757
17.205677
15.593171
13.044190
17.022733
14.468377
15.507626
13.730844
12.784919
13.585252
10.112833
13.926594
15.988727
15.075341
22.207737
12.238386
10.757235
15.971015
19.646118
13.625557
17.097258
12.643334
18.016647
19.452916
14.304158
15.339922
11.796360
19.864149
12.229646
16.711916
14.614142
17.258886
17.733365
14.180242
14.149715
11.682539
18.423787
18.828726
8.166066
14.175819
8.342704
17.440889
9.898516
16.935787
17.852370
14.108853
15.933906
14.859778
12.889715
14.502100
13.152969
17.617060
17.819980
7.333926
14.096175
18.716107
16.245562
12.923994
16.690422
16.833918
19.164814
14.701469
14.632761
16.522315
15.630718
17.557247
13.961022
21.252234
16.556185
15.625560
17.316166
13.678289
15.708438
14.573250
18.443577
16.330732
13.866809
17.088646
14.610289
12.924515
15.777366
18.394066
17.058924
12.917608
18.137936
13.132226
16.358964
17.104906
14.164140
18.315821
17.082239
14.874323
14.715752
14.330328
11.599135
14.261313
9.727646
11.077293
14.487601
17.880766
14.095204
15.105830
15.927119
19.315202
14.501795
16.946005
13.417965
9.160947
14.664855
19.474126
10.618998
10.682369
12.756230
15.160899
12.061836
13.267337
15.670917
15.408737
13.978496
15.277656
8.693535
9.901835
19.033136
12.802694
14.371703
12.572887
18.159316
13.914427
15.211519
12.921946
15.910342
15.274983
13.820297
14.019301
16.952209
17.852251
9.835219
17.025670
20.197873
15.241521
15.743954
13.217732
15.449176
18.876351
13.248107
7.617045
17.868442
13.009522
14.662432
14.225464
12.306357
14.520535
14.368891
15.884959
16.054385
12.835034
7.686234
24.142458
15.582152
16.063657
11.415784
18.447032
17.148696
18.341983
13.900130
20.303718
12.923811
13.834362
12.954041
10.302984
17.131199
17.790169
17.257241
14.228128
13.384913
19.053701
27.158936
14.526698
16.025091
14.460285
7.703490
15.331239
13.919581
12.590517
17.652387
15.900020
16.459539
17.284514
16.088965
12.482347
18.094290
11.223511
21.437917
11.534265
19.516139
10.358429
15.338548
16.053986
16.812625
17.751889
16.196600
15.353404
17.154190
15.151368
12.977280
11.282538
14.766048
12.181991
13.086125
16.532146
14.953443
16.056429
16.476946
20.203315
17.545526
17.048978
11.208234
15.630381
12.169430
16.186220
17.461496
13.771279
8.023758
13.843887
18.370337
17.154815
12.211848
19.192240
17.681203
12.159928
18.432513
17.020778
18.876423
13.869631
18.766620
14.945570
16.652877
16.319120
19.287469
17.477989
15.303762
13.619779
15.749198
12.119819
10.665230
18.311407
15.732612
12.350437
15.232296
15.824414
13.441455
20.140056
15.524018
12.971839
12.402611
18.259087
18.685242
14.676978
11.393214
10.595281
11.991770
18.757430
13.468451
14.833569
15.479926
19.481817
8.937667
15.478810
18.197414
22.263640
14.228580
14.784581
13.288859
15.522537
9.415658
16.488969
18.246350
13.639805
19.040555
18.846903
13.666819
20.457042
10.893971
9.359110
15.122903
9.440571
13.898662
14.721128
17.814516
13.849885
14.054485
18.435512
16.306353
14.796835
19.765432
14.645124
15.358186
17.475294
17.390901
11.747311
17.199436
18.109313
11.575353
10.082315
14.564487
17.252362
12.888957
19.765519
15.157177
16.459900
18.478891
16.737104
15.488684
15.364376
14.253831
11.344976
18.500907
7.808001
10.640282
12.765247
17.466965
18.720664
12.857764
10.356573
13.962384
18.216996
13.370123
15.625926
14.969808
10.526396
13.378499
18.175652
11.207780
13.762374
15.483707
16.743147
18.880195
12.912834
14.637191
15.917166
13.066696
14.687958
15.770277
16.871527
16.834706
17.662016
16.145041
15.770641
10.225271
18.751484
14.530202
16.446797
12.286959
15.646291
17.735599
14.857584
18.577659
18.910698
14.853872
8.409390
15.488165
15.760020
14.112703
18.395138
9.898839
18.078662
16.633006
14.198422
12.553892
17.219620
18.003766
19.008406
18.700429
20.434912
14.566502
14.146515
11.635468
21.226273
13.680928
21.932613
14.903174
18.112871
19.383313
20.092946
11.545209
19.103072
17.639669
17.707868
19.133802
9.193515
18.860026
15.455462
13.794355
15.173401
17.018310
17.983022
14.035586
10.572982
17.078533
15.911013
12.367619
15.539665
18.647940
16.814312
14.445750
20.244842
14.008142
10.874713
18.024438
12.999323
17.809984
13.475949
17.715632
12.842691
12.447103
16.757806
13.324536
17.261918
16.308471
17.878037
18.535752
16.656620
13.962049
13.817822
17.315918
13.381194
20.666548
18.465392
13.610829
18.203269
20.059126
18.239766
16.558545
17.264484
11.763150
15.127301
14.110086
10.702636
14.945146
16.139513
11.263574
14.486836
12.751135
17.137439
14.474496
12.177383
7.888265
16.581359
16.780607
15.806762
14.719706
16.047403
17.284548
13.931425
15.254620
15.182833
12.883176
14.950649
16.831871
19.207183
16.440346
11.802645
11.949775
12.908389
15.142091
13.358595
12.439980
13.668202
17.379059
16.654154
15.173123
14.315676
12.843221
15.884344
16.593387
17.591029
21.111300
15.670820
9.286080
18.179705
13.326654
12.484728
14.273367
12.231218
15.488773
13.909292
11.659785
10.001713
16.668361
14.607759
15.737036
19.998952
11.128624
21.780416
14.274417
20.552952
13.957102
13.655963
16.185398
12.014689
18.165736
13.610472
14.326547
17.412855
15.742631
10.594196
9.659720
13.543334
16.430669
16.411828
16.854118
14.104577
12.229590
11.671104
17.300882
19.384245
12.931993
11.317105
12.345425
15.884138
10.264613
21.615909
19.037081
12.166060
14.283636
15.680526
16.422615
12.026231
15.599825
13.012458
15.362049
12.660843
16.492000
19.218144
15.666540
15.368960
13.892056
13.563203
10.105148
14.357285
17.654240
12.665637
19.326460
10.169683
17.077888
18.545157
17.977270
12.600932
17.951720
11.954272
24.308645
13.085084
14.505241
9.808058
16.713939
11.118003
13.806278
14.447784
14.089458
15.403182
14.759475
14.696859
16.149767
12.248743
14.908825
11.647955
14.103736
18.337289
14.821032
11.013224
14.163834
13.182276
14.195912
11.925817
12.455739
16.594417
18.425422
10.422805
15.896796
13.622180
17.349161
22.449574
9.932292
15.392226
12.349653
11.902955
18.598488
18.426311
14.294189
14.250722
22.875891
12.388130
17.003901
21.111858
21.163304
15.119104
10.832318
12.087128
19.966576
16.242028
16.322491
12.041725
17.071301
13.213566
14.308213
11.462476
11.607691
17.663690
17.570164
13.845176
12.479803
13.874530
11.697414
18.084536
15.543389
12.761471
15.537806
9.729788
8.421840
11.004655
16.653280
16.953713
11.534383
12.623231
14.735206
12.143527
15.097239
12.258925
12.193067
11.248105
15.908515
16.187434
15.359315
12.085042
12.259630
15.083187
19.641411
12.371521
18.965378
16.793311
21.445318
11.899850
16.081215
8.435388
12.911557
18.039623
15.957470
18.782479
19.365852
16.730140
13.618950
20.929233
18.036706
9.808785
17.544321
18.048446
15.465058
18.804461
10.706693
19.329040
9.671573
12.608978
11.207993
12.739926
14.787143
13.992397
17.804908
14.367648
17.848967
17.679853
13.428992
12.957322
18.188495
14.514478
21.355032
7.281788
17.725342
15.552716
15.983488
13.946374
11.446470
12.785369
13.327744
17.275803
9.649949
17.887319
16.069735
14.763477
12.782671
16.247647
17.529587
22.180193
14.563758
14.946952
12.279152
16.625071
15.157669
18.344567
15.725460
14.337443
9.530697
14.459498
14.602492
19.766076
12.018111
18.184502
15.204755
13.308573
14.429831
17.475504
18.453743
18.733548
12.509262
15.600352
17.401308
16.234021
14.013090
14.275340
17.981090
14.087395
16.937700
15.501763
17.625927
15.086950
14.540944
12.949245
14.215071
18.385948
12.571412
16.709298
16.491378
16.290608
15.994435
17.748257
11.185285
14.077822
15.048238
15.738079
20.626543
15.389361
11.781476
10.529808
15.316438
14.582752
14.669742
17.582905
11.123801
9.297809
13.791961
11.374188
12.383530
15.840512
18.694931
15.897854
10.791590
18.719624
16.166296
17.769135
12.730199
17.146724
13.077536
19.317159
16.745732
11.712448
13.125420
18.217542
15.202848
12.768651
15.865853
18.597082
15.545125
14.925063
13.251952
17.647733
16.278620
14.343162
11.814403
13.960160
9.438137
16.009988
10.839788
12.098289
11.888031
14.883685
16.802981
14.961157
19.478463
15.279596
14.490713
8.576726
16.721967
11.062716
9.176145
5.423697
18.068000
11.904203
20.832059
13.664711
14.449408
15.280003
16.100546
11.236514
10.813860
16.003224
15.220067
15.933038
12.240762
17.707095
16.750079
24.745200
18.251457
14.188723
15.750154
12.942976
15.524126
15.222647
15.940755
15.286855
9.065971
21.171377
15.782522
18.544303
15.417671
12.059409
15.897595
9.754497
13.385159
16.565369
13.676410
15.006764
16.987909
16.282923
16.150646
11.139233
12.667140
14.666187
16.404925
17.920655
13.322099
16.855851
8.667633
14.301749
16.011941
8.869835
14.674485
16.727220
16.009341
13.128377
13.928333
16.571780
13.821231
11.979045
10.712471
9.686225
19.036211
16.888736
16.293087
17.348525
13.050401
12.234644
14.274621
14.150191
15.068695
17.131466
17.858977
17.222663
16.805640
15.331218
16.261428
11.742722
17.115799
12.720505
14.252632
15.858592
16.803993
13.581903
12.312699
14.985692
20.254603
19.465857
8.908816
12.674241
16.367988
14.174793
12.693338
15.462414
10.085331
11.053176
15.817068
17.275633
21.101912
9.293164
15.573883
13.075545
17.780789
14.797492
11.080053
17.855551
18.986040
16.630241
12.099687
14.637845
15.837005
10.767604
15.979186
16.727255
15.433906
12.942315
17.349738
15.431468
12.541644
18.824464
12.045083
15.837290
14.314695
14.451825
11.950933
17.785635
18.628570
14.589062
13.725623
15.531612
8.112180
14.782232
12.736622
15.184429
18.757274
17.177145
17.882044
13.962358
24.852507
13.622856
14.533031
16.577252
12.601396
12.643752
14.559826
15.103660
17.889561
16.352174
15.559813
13.442667
16.109140
15.171197
13.715691
20.625876
18.050203
13.023494
11.367501
15.226750
12.745600
17.167088
14.233758
12.850580
17.031939
15.721750
15.073986
14.834289
10.272936
14.997387
13.980826
11.549206
10.439805
16.914608
12.433393
14.979298
17.043044
13.095327
13.195551
11.382537
14.485550
18.146653
14.947670
20.350338
16.518457
18.219119
10.612150
14.650358
9.814858
10.820494
11.598550
16.909056
12.672460
16.697426
12.240291
9.579618
10.836714
11.613195
13.330329
15.206911
16.813278
16.456745
18.589131
13.363387
14.029002
15.573145
16.991800
14.568848
17.043034
16.984036
14.878209
18.801975
19.262615
11.835790
12.918269
14.347207
16.794089
16.579081
17.327156
14.518471
13.483760
21.269556
17.873299
14.001381
18.269714
18.785053
14.798203
12.989126
11.831786
14.834201
14.299566
17.432161
15.301783
15.683730
17.818718
17.035045
15.224067
15.299313
16.171317
13.619535
17.262906
17.004447
22.610182
18.144145
20.986452
18.774227
10.326051
20.785325
16.660206
17.745605
17.591035
13.708789
15.364448
9.280257
13.881739
15.996805
14.284263
15.792279
16.644956
13.105566
6.136340
11.867142
13.569090
16.378106
14.840295
12.256513
15.067488
15.677558
15.764804
10.816368
4.510051
13.616402
18.399139
13.235797
10.578084
16.665539
13.320399
18.695237
14.199637
15.355183
17.329718
12.094807
12.112876
14.078284
14.806754
16.974313
17.420033
11.741416
16.997827
13.062133
12.549449
12.731356
13.811518
14.039945
14.183466
14.703362
16.738437
16.557091
14.742031
20.201702
10.180094
17.474878
21.770643
17.369623
18.321423
15.740613
13.857038
11.773765
20.714021
17.054311
12.151222
14.764982
15.800051
19.868374
9.447897
16.077452
18.163848
17.389872
15.188642
16.781571
10.536714
7.052524
15.180163
17.504737
15.944817
15.001351
14.564762
13.630632
18.761265
10.806729
16.088840
10.090362
16.121822
15.121843
16.309066
15.940064
9.258112
16.034382
10.526126
12.663937
14.496209
12.804465
15.844729
13.674694
16.548624
19.522618
13.623768
14.965269
14.124896
17.443456
18.712259
11.534683
17.556892
12.740444
18.946727
8.336193
12.066322
19.616268
13.653711
16.717346
13.149568
12.610276
15.658593
14.392412
15.921418
22.293893
12.820032
17.294680
14.723237
12.717344
18.957575
21.897528
15.412047
14.215993
13.204608
15.581052
13.302016
17.361753
13.868659
14.451487
19.047856
16.386302
15.191713
8.731395
12.778741
15.263715
11.888346
17.573832
15.642077
15.293344
17.403838
18.035637
20.121895
19.044494
16.261156
12.857925
15.367005
15.968242
18.746695
20.265779
7.100314
16.604500
14.596123
12.681132
14.268374
10.030346
21.806967
13.646882
13.664085
14.405205
15.456226
15.702562
10.541780
15.509610
14.924937
12.648721
13.843219
14.455059
15.753633
12.871316
10.761377
18.261459
20.060290
8.586547
14.286495
10.737659
13.829238
11.119541
18.887026
14.511640
18.876642
12.807989
17.279571
14.634634
13.140162
18.824304
20.898458
18.677172
14.231041
18.420633
16.228772
14.206984
8.623625
15.060731
18.446843
14.694664
13.484762
15.521383
15.234551
15.299494
20.179193
15.936368
16.218183
13.096893
19.464018
15.302802
13.133210
15.439959
16.738407
15.115680
13.680407
9.685374
15.300601
11.338105
19.654556
13.325998
17.104448
13.321736
15.225613
16.612510
19.978318
11.844547
15.509022
7.984703
13.986389
17.310308
18.444653
19.465312
15.268519
17.950262
13.032100
16.655073
19.285328
16.526856
20.754490
16.300653
17.007104
15.477115
12.458395
16.938207
13.682777
16.217043
11.855588
7.460981
11.691342
15.003175
13.465475
12.026644
12.800343
17.719194
8.343328
13.986424
16.495281
11.458364
18.836276
17.140685
17.538468
18.794775
17.101083
14.770974
9.015684
15.529062
14.690562
19.549166
13.685564
14.708344
18.812144
13.842560
15.144167
14.800592
17.838369
13.666194
19.213729
9.050329
13.783907
11.135799
18.584735
11.724367
17.354578
9.806409
20.922780
12.305692
16.644710
17.451132
19.161735
18.254740
14.861393
14.423733
17.815149
16.386071
18.387814
11.974122
15.951131
19.898394
14.445055
13.666468
13.692924
16.033208
12.631264
11.368773
16.727395
11.284665
15.341711
15.613174
18.175648
13.782245
17.233320
17.145135
11.444981
16.670483
16.685388
15.483852
20.213777
18.972065
12.699141
18.103454
21.339625
11.626923
14.093517
17.121409
15.631769
22.360403
10.889393
15.100959
15.690786
16.789869
15.222511
11.830175
11.868505
14.812648
16.705006
16.669311
14.460825
13.985209
15.653555
11.737038
20.675051
16.693607
19.057385
10.686073
14.913702
21.776862
19.102369
19.617291
12.961390
15.139720
14.808231
17.936905
14.023096
13.478273
17.690475
17.831118
12.643161
13.508699
14.110628
14.139498
18.290396
13.112073
15.648390
18.277155
14.208785
15.830230
16.428362
13.987646
12.976300
15.944501
16.999711
18.329866
10.473888
17.508417
10.934724
12.256255
12.898864
13.037665
9.842625
11.515221
21.757826
18.528559
14.146604
7.102682
13.318554
10.992043
20.444915
10.247971
14.268939
21.278459
10.759443
12.785032
12.605410
16.575531
13.791360
12.239219
12.016205
16.489060
15.643290
16.872869
10.044379
19.784809
12.253759
13.987840
10.683827
20.020862
12.303493
9.493342
9.567512
15.244582
14.559071
16.815613
11.513071
13.521298
13.110499
18.192186
15.280464
18.459638
14.089786
18.479974
13.727817
14.457804
14.359083
15.178895
10.660871
12.555291
13.135560
14.679132
12.871857
16.942772
13.237046
13.852350
9.701897
11.550705
20.945225
14.424278
14.720635
16.488596
17.363535
19.485720
13.796383
14.419023
21.861447
18.597928
13.108707
15.639819
12.948106
18.030988
11.297251
15.689409
12.994959
12.376675
15.305900
7.288220
10.424479
13.142402
12.389228
10.884163
14.648524
14.720615
16.575888
13.703220
13.534509
24.095459
10.337808
14.659054
16.326945
15.160116
17.375626
19.889487
18.015482
16.520308
11.560924
14.659181
16.944295
15.562154
11.682059
18.402211
20.639612
14.809100
13.211693
15.216104
17.263066
22.571208
18.604928
21.626154
11.188978
14.142430
14.547563
10.956932
11.521368
13.918329
15.494988
18.665521
12.392044
10.244629
14.978620
18.618321
11.078380
11.451926
13.883877
12.057449
17.878943
11.467276
12.657272
17.361030
16.246005
11.576154
13.325884
12.046121
18.604297
19.135028
10.317991
16.561181
14.421644
14.383581
15.963746
15.686290
15.344108
16.574580
19.066516
11.653041
13.980545
10.545788
20.078207
15.095273
16.761279
18.859289
12.432272
19.909491
18.732342
12.164452
13.357286
13.291393
13.089250
15.360512
15.375639
15.302640
13.131569
14.847552
21.113502
13.082038
11.328742
13.590904
17.852958
9.674755
21.081907
19.083237
13.679730
16.556258
16.072447
15.184668
14.225084
17.852507
12.689664
15.164104
14.502767
13.629063
16.571110
13.282323
22.785379
13.587264
14.465082
14.296926
13.884868
15.077046
18.349995
18.347225
20.347333
14.701641
20.902845
8.650572
15.551858
16.896170
17.261915
19.382578
16.201802
11.082993
15.679413
17.081304
15.770794
16.816543
11.644604
14.092686
14.961492
5.175957
12.946348
15.699175
13.695242
10.683082
17.405130
19.575192
18.801278
15.385015
14.020613
16.181257
15.787863
20.450166
14.415160
20.119525
17.779231
19.292290
11.354055
18.813368
14.062505
14.865552
12.111476
12.242114
7.312585
16.765168
13.253957
11.022135
14.621660
14.527188
18.767702
17.211792
18.158818
15.962277
19.548184
19.549656
15.394541
15.839290
16.887205
12.995764
14.366267
17.610668
16.585855
15.479306
12.544613
15.712173
12.204479
12.932806
14.540655
18.794688
15.386287
12.219451
7.798442
18.226064
17.258891
15.551602
13.808505
10.210555
17.380731
12.750984
15.685874
12.909987
15.910028
16.221324
11.114319
5.713473
13.977071
18.282786
11.959524
13.253426
14.799846
13.669691
18.779103
17.078733
20.072338
14.973778
16.500530
16.081739
17.320031
14.107243
13.551528
17.607439
13.574155
12.421697
12.812782
15.817491
17.716298
18.497116
17.397877
14.658528
16.514728
17.354829
16.426972
16.944739
10.752204
13.530337
15.197234
13.170992
11.737595
14.221156
12.482517
11.114773
16.179909
11.858797
13.598576
22.109389
17.923867
13.811355
12.079534
9.585521
15.940092
18.513786
15.527964
17.429894
12.994645
12.707709
10.746436
17.047190
21.805102
14.640491
13.324402
11.809023
16.185756
19.097872
15.017276
15.489863
12.130888
20.400613
16.396391
12.974655
15.190228
14.136302
14.028529
18.865549
15.042513
19.949087
15.160008
17.559721
15.624879
16.695690
17.302072
15.813611
16.061895
16.576519
15.372120
14.802679
20.132951
22.438399
15.333176
14.592002
14.462117
11.393187
15.278304
16.256878
18.750340
14.870468
14.785588
18.418265
18.606679
12.912723
20.157898
15.387553
13.060819
14.627633
13.043514
14.475088
12.489522
14.889832
13.455452
7.719164
12.354104
14.972776
20.539638
19.837500
11.837301
13.001184
18.920065
11.380931
16.300052
11.115168
16.433640
13.307140
9.941949
17.433619
12.138530
9.363870
14.721189
15.754938
10.896902
6.984196
15.702333
19.953345
17.783541
14.259078
15.196265
19.965720
16.945307
12.747114
18.073134
8.393967
10.953635
11.418639
12.640260
17.150995
16.364769
8.655726
13.024382
16.008128
22.469574
11.795372
13.894934
15.154641
13.405222
13.869096
15.749435
12.729352
10.141379
12.323277
14.256967
17.890203
14.573950
17.697301
16.957205
19.600819
11.251444
13.594250
14.860455
13.814830
17.808669
12.012891
16.065443
13.764488
21.003244
14.842968
17.420171
13.566765
11.994594
10.541272
11.050969
16.401331
14.600957
12.899399
9.826323
11.217444
12.828873
13.747735
17.631243
10.471377
18.420770
20.884294
14.331072
17.105243
13.729363
17.797791
15.022523
15.117148
13.769714
15.107591
13.052760
18.597350
10.561093
12.301923
14.603874
19.368111
12.834267
10.257798
16.628569
13.334324
12.825129
14.641545
15.977009
20.465257
15.064035
15.123480
14.067517
12.333588
15.295462
15.450234
20.897874
15.158532
21.725295
15.285256
13.895481
17.537292
15.236600
14.841886
16.923223
15.460053
12.548854
16.960112
15.094891
12.208822
16.806013
14.012926
17.176567
11.128428
16.179211
13.976121
18.458740
14.188873
12.590551
17.862906
10.952483
17.585807
18.667198
17.089907
11.176570
15.926320
19.246103
14.379436
6.822679
17.186420
14.946617
17.091207
14.365216
13.292621
14.580148
19.398194
18.557993
16.538776
14.359106
16.847727
14.762935
16.731029
14.939084
14.373541
14.557770
15.601047
9.472803
11.754584
16.114399
14.667509
17.352647
15.508589
15.220771
12.101101
15.658062
17.782002
15.740315
20.109640
16.494032
7.104664
13.579913
14.535371
18.700720
13.941555
16.307905
20.590124
10.950811
16.253736
15.799650
18.938054
12.993761
10.868152
17.659339
14.761556
17.383076
17.558150
21.416859
18.035571
16.456593
16.696725
19.980119
16.510785
17.705440
18.752745
15.015764
15.631379
21.451606
10.769870
13.057302
15.561552
17.938833
9.883815
16.170552
18.400271
16.161761
16.242116
17.998270
16.867275
13.449165
13.175778
14.714463
12.431730
14.250221
14.691160
19.664731
17.528289
12.470826
11.034531
12.860025
14.454475
17.622214
17.816591
16.271697
12.471812
11.818688
14.451496
17.956153
12.259484
13.496442
21.367452
21.941390
14.951222
8.385855
18.342922
13.952278
10.358735
16.233596
11.942602
18.404992
15.786731
14.539743
19.324459
14.129122
8.573327
15.438604
13.269938
17.725204
18.113155
12.287520
15.461876
12.691837
12.221886
11.192386
14.490232
15.106566
12.660141
10.001674
13.812953
17.358829
15.198769
17.444673
15.612427
18.792189
13.381536
15.814659
15.730378
7.851351
13.360136
17.400966
14.259797
8.154797
13.852686
10.409711
18.299390
19.868399
16.692868
17.359044
16.419078
14.512110
15.762456
8.049922
17.700048
14.110141
16.510079
23.319200
13.777721
12.160111
13.858006
16.996091
16.217049
16.164570
12.566457
16.764706
8.036677
12.646379
12.924406
21.113988
19.497893
14.804301
10.844270
14.712810
16.574490
11.264191
15.915136
15.383837
11.362587
10.022306
10.639967
14.298493
18.049939
15.354867
15.001512
14.161260
25.059070
13.488672
14.623484
8.971180
17.165516
14.276925
17.556934
11.617217
10.759514
11.547993
14.604613
19.117746
9.759568
20.189347
11.100913
14.154441
18.055082
19.089984
14.435938
16.284501
15.292052
16.054640
14.985495
16.512908
10.497994
14.890405
16.381118
8.812694
10.688561
15.216439
16.998832
15.049590
6.873893
11.665011
15.738467
17.499318
14.751801
12.775790
21.160756
9.612306
16.481748
11.882425
10.676989
19.802633
17.077150
14.319519
17.596373
11.273424
14.797988
13.604623
18.887687
19.968108
20.469639
7.824935
15.028083
12.729128
20.020901
17.636844
20.033145
12.788576
16.914353
14.959760
16.014211
18.536004
16.886518
13.778342
14.556001
14.824616
13.639176
14.774132
15.903481
13.260717
14.382779
16.271775
11.725346
15.614690
18.242062
11.782867
15.539616
15.084776
12.277000
19.458164
19.901802
12.994720
10.828284
15.338515
12.483476
16.205108
13.327977
10.201444
13.513321
11.829636
13.741238
17.164384
14.889869
17.139729
9.937636
16.257506
14.172827
10.153561
14.993263
13.207049
13.141323
17.633495
13.401064
15.577707
12.394505
9.780822
12.501061
17.100690
11.793288
14.780430
15.421219
16.452565
15.515787
15.342945
13.034108
20.882790
10.439344
12.567843
14.682473
15.184632
12.616997
15.320612
17.807574
15.131720
16.485533
18.134446
17.602394
11.264298
20.708860
19.081505
14.363547
15.013982
17.071291
12.476467
13.707721
16.241999
12.287747
16.079493
15.074927
13.837177
17.057583
13.077827
15.601981
14.928275
15.215611
15.191090
18.023333
17.504771
13.422227
15.930839
15.263298
15.345093
17.007485
15.281765
15.178526
16.236304
17.449794
13.986188
18.860285
13.062052
19.357522
12.504951
11.981451
15.811640
11.354473
17.968328
14.683832
14.760840
11.923347
20.255288
18.951797
19.547423
10.212596
15.189686
21.025837
16.453929
9.486592
11.155494
16.878245
17.562894
13.287122
15.877888
12.298100
10.246779
14.178648
12.824988
12.151697
12.868234
16.504085
16.661569
8.882225
13.116995
13.665022
15.154283
13.495318
14.693833
12.615153
15.615892
8.794754
13.897044
19.346608
10.874380
11.596245
11.788677
15.436130
18.770104
16.727506
11.191135
20.798275
15.574716
17.134249
23.919795
14.507808
11.709832
7.866744
12.903208
14.857307
18.665624
13.197570
13.789887
11.411037
11.860553
14.311569
18.429218
16.739948
13.750017
18.606849
17.619696
16.258854
14.599075
13.538319
21.220622
19.146285
13.494109
15.372657
14.347326
15.309083
9.798874
17.283971
14.265757
13.806990
16.012748
18.681868
19.210581
13.610345
13.271733
12.538422
13.303540
19.107447
15.755809
15.122440
14.525401
12.919595
15.302773
15.024635
21.306961
12.182387
17.203122
16.144729
16.869287
15.407635
11.219097
15.259830
14.000688
10.481605
12.820312
12.943979
11.476364
16.434505
22.668498
17.107395
14.750358
15.605181
17.361866
18.570030
15.880839
15.345013
13.690720
18.046454
16.632246
17.611999
15.592688
13.187951
15.274864
15.068456
11.983676
22.685152
13.771380
19.535170
14.801974
22.181862
14.182860
14.311373
13.079326
10.972249
17.503603
16.055642
14.934749
16.120377
18.618688
13.584749
15.436330
14.948638
16.632226
13.941929
17.087684
11.042171
10.698204
13.929467
17.367077
12.522553
18.689658
9.770658
14.025755
16.069140
13.570136
13.272223
20.132876
18.919533
12.969942
14.877271
14.914309
14.591123
17.903871
14.615072
13.775356
13.179179
14.077027
9.910725
15.866487
17.477050
19.217399
11.953787
13.850673
13.527664
10.557252
17.288230
16.331436
17.499235
12.543119
13.103489
19.881719
15.788691
7.587635
11.189042
13.879280
13.229592
13.972094
12.033291
16.174622
14.353239
10.679752
10.526467
12.861299
14.102283
12.894651
13.313666
16.970416
13.865598
20.610153
8.784864
14.940180
15.744983
15.777646
18.726239
16.423558
13.960474
13.766609
10.972561
11.009581
16.487410
15.499786
16.859079
18.794203
17.040533
11.459468
16.622107
15.727904
15.335408
11.906004
14.565873
16.085398
13.923000
18.116453
17.471747
13.863108
17.485642
21.565860
12.777272
12.570031
15.570206
10.033141
17.323989
15.076613
13.556324
9.196028
13.809339
6.050133
20.061577
13.591524
17.089464
9.930449
13.979160
14.951718
16.971834
14.922412
13.808281
21.570559
9.646606
16.936697
12.283957
12.578181
16.946815
12.549958
16.542551
18.234516
14.543035
15.158445
11.477497
11.876798
14.147426
15.236007
11.920105
20.451708
14.838440
13.784792
18.173788
10.532206
12.963769
11.948704
19.430347
14.932175
18.321082
16.119486
15.056292
13.148395
6.629756
17.140659
18.329538
17.351433
15.915095
16.663490
16.589106
17.581781
18.022065
13.038798
12.802855
15.543557
12.559713
16.328848
16.232806
14.609429
19.328237
15.032580
10.006068
15.749995
12.910865
13.417796
16.527923
19.097918
14.532976
13.158280
17.416459
15.346781
10.905796
21.097870
14.631474
14.648353
15.492251
11.429385
13.150450
15.522388
13.500447
14.200303
10.003216
19.297035
20.899485
17.311924
20.172967
17.658226
18.104845
17.283855
10.473119
17.767539
11.231998
15.482742
8.923601
9.831316
16.659447
17.409172
11.177818
16.725563
17.444259
