96
100
104
93
91
97
92
93
108
97
94
105
92
105
99
102
93
93
103
91
95
101
94
98
109
109
101
101
90
110
102
106
101
108
102
104
93
98
104
92
99
93
100
107
91
106
101
102
94
99
96
90
90
99
105
101
98
93
107
102
106
107
102
106
102
90
105
93
99
100
100
107
93
90
107
105
99
98
92
97
91
105
91
94
102
96
103
106
97
91
107
106
98
108
98
95
107
105
100
103
94
108
110
96
108
96
90
91
93
91
95
109
99
92
107
98
90
107
95
104
97
106
107
101
101
92
97
99
100
108
96
98
106
98
93
107
101
91
110
94
102
97
106
103
107
96
95
102
109
104
95
92
99
110
104
94
90
110
108
107
110
102
109
93
92
97
106
96
103
90
101
97
108
109
98
98
108
91
98
92
91
106
96
102
108
108
102
103
91
96
104
93
106
100
105
93
91
100
101
104
94
104
106
90
110
110
101
91
97
90
106
94
93
104
91
95
100
110
93
99
102
92
96
105
101
107
102
93
102
108
100
103
100
109
98
101
97
92
103
109
102
107
94
108
90
94
92
109
109
102
91
92
106
105
91
97
106
92
101
105
95
101
100
101
99
104
105
105
90
104
100
92
102
107
105
96
91
90
101
93
95
94
90
93
90
110
97
107
98
95
94
106
104
104
107
100
99
101
103
106
108
96
92
105
101
106
99
107
101
95
91
91
93
99
107
109
102
96
103
103
100
110
106
109
102
110
105
90
96
107
99
93
92
106
103
100
95
103
97
101
106
107
92
100
103
93
90
110
106
95
95
92
100
109
109
95
98
110
95
109
106
108
108
93
106
109
107
104
96
97
94
91
94
102
109
104
101
95
101
106
96
93
90
105
90
99
107
90
100
100
90
90
96
91
102
108
98
90
91
91
106
106
90
108
109
98
96
107
102
92
94
107
107
94
107
101
102
101
103
90
90
104
93
104
95
91
102
96
96
110
94
97
92
98
91
100
105
90
91
91
108
110
100
94
109
103
106
100
106
97
92
109
90
91
92
109
96
94
95
92
98
105
103
95
94
100
108
103
105
99
98
105
97
101
91
102
95
105
96
105
94
90
92
96
94
101
94
106
100
103
93
109
105
93
105
93
107
94
110
101
94
94
103
103
96
107
98
107
95
110
108
99
97
90
110
104
93
90
90
103
92
96
96
92
109
110
108
106
91
105
99
93
103
90
105
108
90
96
107
92
90
107
95
95
93
95
99
95
97
97
96
96
96
95
108
110
108
97
103
96
107
106
106
92
107
106
108
96
92
93
104
104
94
106
109
110
110
100
104
91
108
107
97
110
98
90
90
101
99
90
97
98
98
110
93
99
95
110
102
104
103
105
108
95
94
102
94
105
103
95
93
96
97
102
105
96
100
102
95
104
99
103
100
99
105
90
91
102
107
101
102
94
109
94
104
97
94
107
92
106
100
109
101
101
108
103
96
90
92
106
107
103
102
109
105
100
104
103
90
106
105
98
102
94
110
102
94
110
107
97
103
109
101
102
99
110
109
90
99
97
93
96
105
100
96
109
104
95
106
110
104
99
106
101
102
110
109
102
94
100
99
96
102
91
92
110
110
97
110
105
109
96
107
102
107
91
97
99
106
95
90
98
109
93
105
109
95
93
97
96
95
99
101
90
107
92
106
91
106
97
95
105
91
99
108
109
99
107
104
95
97
109
108
110
94
93
92
100
95
109
100
105
110
99
90
90
99
103
92
94
105
104
110
105
107
102
104
104
93
98
98
98
93
98
105
110
91
107
106
100
96
100
98
108
95
91
100
93
94
104
108
108
106
106
107
96
103
93
107
110
95
91
105
109
107
90
99
98
98
92
105
104
102
109
105
96
107
109
93
101
106
97
97
104
101
103
94
103
100
103
96
92
107
92
92
99
98
109
98
96
96
95
105
90
103
91
95
91
105
94
104
99
109
93
100
91
93
91
97
104
95
96
91
96
107
101
110
104
92
93
98
93
90
94
98
100
94
93
104
91
97
106
99
103
94
91
110
97
102
95
110
101
100
108
90
105
96
103
107
99
93
100
96
95
102
94
100
99
97
97
94
97
93
104
107
96
104
109
92
100
103
100
92
98
98
99
92
95
99
108
106
106
90
107
94
109
92
92
98
107
103
107
96
96
94
108
110
92
100
97
106
108
108
107
99
105
91
95
102
95
109
102
109
109
102
109
99
90
91
97
94
108
92
100
110
110
93
98
104
97
103
93
100
95
108
91
104
105
92
93
