11.844731
11.496979
11.261217
10.392691
10.023412
11.408351
11.425573
10.280235
11.004183
10.238900
11.476403
11.223987
10.077309
10.294461
10.174868
11.617596
11.312440
11.369116
11.049680
11.151355
10.098227
11.417603
11.045262
11.682007
11.012942
11.669075
11.504042
10.719505
11.331337
11.325249
11.009488
10.014565
10.959248
11.780779
10.121452
10.132064
10.435415
11.270348
11.253919
11.034580
10.034390
10.197555
10.068915
11.615639
10.581673
11.753889
11.663753
10.739820
11.423664
11.581107
10.375622
10.028250
11.563218
10.810769
11.314330
10.820287
10.287586
10.779854
11.038058
10.661010
10.142248
10.027496
11.578244
10.089588
11.144517
10.716578
10.301266
10.693122
11.284597
11.041368
11.466907
11.580325
11.747276
11.381043
11.678254
10.254921
10.416092
11.126961
10.191687
11.898412
11.067095
10.351800
11.201151
11.498472
10.603431
11.061523
10.926392
10.559050
10.389425
11.275986
10.017638
11.917371
10.844131
10.723154
11.990527
10.869300
11.103233
10.223822
11.349120
10.705770
11.558677
11.655467
11.336166
10.670202
11.304365
11.081495
11.184859
11.176818
10.494060
10.275922
11.406989
11.196384
11.180929
10.415291
10.114294
10.727173
10.122884
10.174523
11.492263
11.714816
11.139055
11.008213
10.443249
10.164615
11.514966
11.869687
11.474985
10.035001
11.758894
10.877696
11.857686
11.968390
10.906925
10.601346
10.904449
11.021152
10.604063
11.576425
10.256227
11.629503
10.772791
11.524162
10.909574
11.337761
10.523872
10.543540
10.555646
11.538274
11.284949
11.743538
11.600198
11.529492
11.230651
11.328016
10.284105
11.848225
10.662818
10.253098
11.426357
10.678562
11.279537
11.478737
10.956709
10.333801
11.752392
11.068555
11.549358
11.683537
11.880013
10.380097
10.936448
10.403202
10.636315
11.274050
11.881723
10.430558
11.917813
11.490918
11.318342
10.814559
11.274255
11.462024
11.658910
11.476945
11.769707
10.107973
11.540242
11.362314
11.322484
10.231180
10.942583
11.543737
11.320263
11.135282
11.038393
11.658632
11.882425
11.134921
11.513555
10.925012
10.855892
10.097322
10.976241
10.308847
11.114587
11.477199
10.450985
11.887189
11.209243
11.911792
10.229927
11.061309
11.449209
11.645538
11.189060
11.488853
10.155091
11.902837
11.195199
11.917554
10.280657
11.057021
10.429247
10.448035
11.965882
11.277094
11.329683
11.853561
10.032788
11.924954
11.023930
11.913469
11.434991
11.975814
10.308691
10.061739
10.241468
10.870426
10.902194
11.022785
11.320362
11.726653
11.997686
11.309780
10.362222
10.403238
10.465734
10.228177
11.967213
10.016549
11.756861
11.228391
10.578878
10.220860
10.003741
10.869452
10.482311
11.031481
10.337270
11.464217
11.422720
11.451202
11.576664
10.220798
10.039985
11.267985
10.563453
10.546062
10.919555
11.702040
10.289751
11.087735
10.669456
10.133562
11.530812
11.572577
11.394089
10.101173
10.911796
10.212134
11.256991
10.248920
10.936254
10.608279
10.821729
11.387135
10.996988
10.148999
11.898767
10.208418
11.351902
11.186258
10.821742
11.077536
10.576024
11.528419
10.795560
10.470135
10.164747
11.740426
10.432036
11.423137
11.031391
11.398796
11.404236
11.398544
11.682556
10.055513
11.694174
10.116658
10.930416
10.547644
10.703919
11.194261
10.488786
11.308486
11.466176
11.020429
11.572083
10.595223
10.652120
11.338680
11.075538
10.952630
11.969774
11.790559
10.932165
10.794084
11.337621
11.901431
11.751753
10.947268
11.719760
11.845296
10.072308
10.603166
11.095741
10.304854
11.509825
10.212969
11.623052
11.633051
10.014667
10.984859
10.681994
11.476516
11.277597
10.177602
11.331981
11.872047
11.901093
10.710273
11.542914
11.983195
10.905998
11.406171
10.045993
11.897179
11.613072
10.547090
10.891295
11.682596
10.879591
11.452853
11.755635
11.062532
11.372638
11.881102
11.862341
10.007373
11.718687
10.900487
10.490800
11.258585
11.202757
10.013049
11.686624
11.524395
10.160708
11.940199
10.874849
11.856979
10.928574
10.771157
10.042514
11.303628
10.846832
11.784336
11.516843
10.096551
10.092105
10.570667
11.087421
11.431705
10.463837
10.741609
11.108119
11.254426
11.789864
10.991232
11.305357
11.320582
11.360782
11.734164
11.332892
11.817458
11.199973
11.760548
10.635689
11.294391
10.410457
11.500782
11.552657
10.429283
10.266984
11.296758
11.806026
11.839085
11.695809
11.618133
10.803948
11.468944
11.050532
11.931317
11.670409
11.253031
10.540109
11.677852
10.178258
11.185909
11.387441
11.385682
11.117601
10.168494
10.409996
10.459070
11.530659
11.896441
11.390371
10.110355
11.396815
10.051171
11.043936
11.390802
11.453235
10.225497
11.473260
10.059130
10.505047
10.560131
10.992320
10.890752
10.980210
10.021040
11.518672
11.719523
11.740496
10.483580
10.333153
11.193656
10.626271
10.250054
10.337530
11.658917
11.335920
11.071713
11.464241
11.617232
10.924119
10.854346
11.742418
10.415608
10.771585
10.564113
10.204694
10.206128
11.180735
11.091647
10.336606
11.951286
10.349331
11.701488
10.555856
10.359647
10.914371
10.661274
11.046976
10.523842
11.711143
10.859951
10.773585
11.215105
10.948079
11.669218
11.674034
10.296494
10.231274
11.968432
11.410186
10.581357
10.992927
11.637630
10.926847
11.477245
10.589027
10.554437
11.328911
11.048439
10.462601
11.414827
11.852801
10.329704
10.398568
10.159201
10.112891
10.627328
11.986291
11.367017
10.069735
11.826926
10.020670
11.400811
10.934879
11.570116
11.280387
10.698579
11.304669
11.881066
10.795712
10.738576
11.235505
11.345014
11.892903
10.802793
10.188631
10.217993
10.828972
11.828514
11.356262
10.115812
10.658158
10.534998
10.975993
11.704692
10.537844
11.777029
10.930729
11.333913
10.971454
10.074700
10.466022
11.935471
10.759020
11.700941
11.744762
11.438951
11.064294
11.007564
10.349065
10.709035
10.345462
11.102076
11.158086
11.335298
10.896175
10.841657
10.860173
10.496410
10.651225
10.017098
11.602483
10.455795
11.594616
10.584620
10.015469
10.189448
11.553649
10.282714
11.671379
11.447867
11.975558
11.175031
11.235470
10.123349
11.562377
10.321243
10.969183
10.074514
10.279445
11.129477
10.752667
10.951624
10.040673
11.437707
11.718605
11.114285
10.635563
10.356430
11.007822
11.890171
10.256919
10.133525
10.003600
11.466851
10.116400
10.109366
10.022292
10.909733
11.252090
10.661611
11.876168
10.835516
11.102104
11.771453
11.487707
10.121313
11.853406
11.626213
10.421210
11.330841
10.772910
11.105455
10.801305
11.889558
10.998018
10.671977
11.524816
11.437277
11.387991
10.918434
10.629626
11.203037
11.141196
11.062128
10.593829
10.833137
11.201453
10.004106
11.179287
10.303735
11.467389
10.255180
10.327557
10.304748
11.218388
10.790488
10.843564
10.357272
11.226648
11.781182
11.813896
11.214223
11.017433
11.810825
10.398595
10.809053
11.457403
11.718186
10.382514
11.684079
10.121645
11.732219
10.513355
11.107349
11.717875
10.362742
11.557473
10.666243
10.281795
10.799514
10.237960
11.306915
11.535501
11.610825
10.323363
10.933927
11.227308
11.145692
10.028021
11.341892
10.842375
10.908283
10.685037
11.778824
11.839224
10.867190
11.201510
10.165194
11.739914
11.152336
10.845947
11.022960
10.923543
10.607001
11.917935
11.620683
11.653268
11.025127
11.139832
11.824523
11.582991
11.635858
10.985885
11.797195
10.397088
11.411462
10.056745
10.523678
11.929252
11.625708
11.473135
11.587082
11.830197
11.695105
11.524190
11.188474
11.247983
10.542953
10.490917
11.938010
11.354461
11.521294
11.083032
10.844665
11.798838
10.063708
11.829552
10.436315
10.343907
10.446990
11.809874
10.922348
11.260840
11.003431
10.739419
10.244998
10.965802
11.269084
11.403782
10.640014
10.246857
10.577330
11.247730
10.679134
11.297316
10.644938
11.149616
11.567054
11.045867
10.997155
11.378097
11.266570
10.449122
11.030701
10.730826
11.568851
10.737610
10.226528
11.416518
10.673278
11.557673
10.536408
10.040795
11.394142
11.365489
11.729702
10.561504
10.962992
11.277324
10.085344
10.557670
10.022858
10.894371
10.890660
11.035521
11.542405
11.352310
10.216651
10.639909
10.490159
10.264303
11.850660
11.242663
11.607506
11.515062
10.738144
11.604230
11.189597
10.814100
11.594014
11.440698
11.512860
10.551488
10.373315
10.523531
11.559344
11.525594
10.676700
11.003804
10.321595
10.653293
11.089789
10.026003
11.052042
10.815622
10.101382
10.375959
11.587164
11.630087
11.328248
11.128078
10.518846
11.175036
10.755276
10.512289
10.812670
11.321430
10.597114
10.523075
10.597192
11.345012
11.998726
11.023737
10.655514
10.361269
10.706213
10.624574
10.495052
11.385803
11.994084
11.059810
11.998256
10.614329
11.595127
11.559185
10.995152
11.616750
11.767825
11.212157
10.671051
11.796255
11.191512
10.209708
11.715981
11.573752
10.729546
11.115421
11.327160
11.167533
10.632992
11.921235
10.938051
11.197277
11.910397
11.427780
11.493218
11.231621
10.306116
11.809691
10.470765
10.791303
10.380028
10.714107
10.987272
11.868656
10.365756
10.619396
10.908892
11.174587
11.808886
11.399452
10.145351
11.786234
10.359538
10.068984
10.838281
11.248422
11.447682
10.371768
10.446848
10.826862
10.278269
11.714191
11.389666
10.755891
11.671625
10.583620
10.796276
11.975795
11.605649
10.005346
11.055051
10.170718
10.738793
10.358383
10.022305
10.759402
11.824867
11.620809
10.972949
11.770066
11.013893
11.703845
11.602850
11.877044
11.552753
11.773149
11.465212
11.567556
11.436073
10.179366
10.371754
10.780064
11.962525
11.565183
10.110499
10.815442
11.210426
11.613344
10.694055
10.361632
11.221707
11.089511
11.192967
10.827741
11.965804
10.306892
10.126695
11.251794
10.816040
10.936571
11.885469
11.611144
10.916711
11.684915
10.780842
11.678355
11.162243
11.078783
10.152593
11.090787
11.654152
10.101388
10.061866
11.859976
11.335909
10.202491
11.658037
10.094243
10.044415
10.150943
10.148939
11.011166
10.165404
11.117136
10.246375
10.882761
10.448778
11.578970
11.715506
11.006308
11.583362
11.642611
10.529530
11.601807
11.069172
10.047677
11.184593
10.271917
10.139505
10.898580
10.801735
10.182137
11.314511
11.389724
11.113371
10.161614
11.148189
11.771549
10.826755
10.201580
11.977707
10.536488
11.534580
10.449120
11.101370
11.085291
11.027166
11.784644
11.184624
11.386781
10.244984
11.216821
11.524028
10.360292
11.643650
11.443913
10.209728
10.752333
10.209202
