2.638337
1.217554
2.839923
18.745291
0.914486
12.224157
0.707269
6.247611
17.220691
17.506043
16.938877
3.889666
1.539776
4.463652
3.598165
7.886643
13.028671
10.271286
9.263555
3.734812
3.217823
2.790318
5.390374
4.372028
29.045876
7.523191
6.715303
48.388427
3.486622
4.477066
6.167197
6.148516
4.183975
3.016210
18.794749
0.670641
1.732959
27.235415
5.051427
18.378701
9.983572
16.531193
3.677972
5.365405
2.637555
4.797410
1.059762
8.175608
78.188301
4.865789
4.142014
6.126547
11.584151
1.522819
42.751670
12.248093
4.546834
61.481022
2.479186
8.730185
13.311603
7.070915
3.519654
8.224740
2.487659
4.099488
7.629373
4.529803
1.771191
4.206140
9.638552
3.384351
3.705952
11.048908
7.200260
9.344719
4.774631
1.666717
12.221079
14.248719
72.774193
1.185529
9.068699
3.645362
5.943606
12.782854
20.406324
5.154372
2.453175
12.499311
19.694010
8.066234
4.681374
7.467620
8.364204
6.645278
4.135362
13.248570
2.620554
0.273292
