10.804114
11.448211
10.703143
10.028094
10.193464
11.922395
11.955566
11.881513
11.568528
10.058271
11.777300
11.157719
10.301787
10.345069
10.528986
10.339602
11.089262
11.927673
11.430579
11.210212
10.964841
10.040751
10.875688
11.187760
11.824173
10.538860
11.747840
10.230508
10.149415
11.473843
10.435268
11.208396
10.297321
10.247712
10.626066
10.545344
11.225932
11.128851
10.382253
10.753796
10.679340
10.775786
11.523643
11.483455
10.246714
10.354061
11.324172
10.991956
11.087421
11.659836
10.518786
10.101735
10.128556
11.456672
10.995924
11.335719
11.409860
10.561315
11.773685
10.063151
11.986996
10.089008
10.058428
10.809875
10.012093
10.431023
11.196224
11.814098
10.617687
11.151508
11.951783
10.526181
11.223512
10.749534
10.147494
11.202185
11.937998
10.371402
11.852951
10.411950
11.379680
11.088705
10.800901
10.771078
11.380435
10.589792
11.796983
11.306818
11.280757
10.820972
10.044995
10.756635
11.895463
10.131085
10.389963
11.789604
11.023188
11.721963
11.085648
11.668963
