0.029808
0.037035
0.003414
0.014231
0.047677
0.235471
0.056711
0.030515
0.134713
0.022545
0.005497
0.014966
0.069307
0.110421
0.000243
0.002314
0.006381
0.089184
0.020225
0.039075
0.078108
0.056029
0.059559
0.023813
0.065259
0.042025
0.086636
0.053014
0.140291
0.004355
0.082398
0.036254
0.050156
0.158776
0.127812
0.077018
0.127768
0.173963
0.058321
0.005891
0.088616
0.037799
0.164775
0.010055
0.023335
0.012610
0.030761
0.044861
0.001950
0.200997
0.010275
0.011305
0.035723
0.047808
0.138567
0.023841
0.099477
0.047840
0.059223
0.011200
0.057392
0.031464
0.004315
0.001350
0.024415
0.009184
0.002803
0.003983
0.102089
0.109177
0.044094
0.066676
0.018465
0.023097
0.068966
0.043602
0.007827
0.004845
0.002231
0.008729
0.003381
0.016645
0.092429
0.050962
0.106450
0.100706
0.159167
0.047828
0.049015
0.026202
0.030621
0.053268
0.083053
0.001871
0.236240
0.157184
0.083193
0.018676
0.040716
0.007683
0.023986
0.055765
0.005992
0.082033
0.032417
0.017381
0.086935
0.000305
0.020850
0.104988
0.048141
0.028208
0.013650
0.034920
0.000804
0.035981
0.005224
0.012750
0.098057
0.086593
0.064250
0.023759
0.027891
0.051926
0.008211
0.000096
0.072056
0.129082
0.050732
0.072187
0.031033
0.065321
0.027758
0.025525
0.021193
0.024535
0.153420
0.087824
0.069894
0.065009
0.053737
0.097661
0.037462
0.009654
0.160884
0.123071
0.081783
0.092208
0.043901
0.101228
0.012879
0.013428
0.071998
0.047093
0.020714
0.007072
0.051924
0.137260
0.190845
0.025554
0.088769
0.058955
0.028162
0.098643
0.091963
0.053182
0.050589
0.022693
0.053283
0.021843
0.010456
0.050453
0.032102
0.086864
0.050497
0.055386
0.161555
0.210641
0.028435
0.080901
0.125006
0.026774
0.107279
0.020495
0.002758
0.062678
0.056543
0.099720
0.107221
0.031598
0.022453
0.008554
0.061428
0.054791
0.020087
0.018290
0.041513
0.080669
0.071738
0.022101
0.042057
0.094557
0.034236
0.144425
0.040814
0.028359
0.038751
0.008954
0.040810
0.081972
0.021394
0.010579
0.004669
0.045365
0.004320
0.094596
0.000153
0.021774
0.132418
0.092536
0.029872
0.067165
0.010528
0.019169
0.018190
0.023180
0.039450
0.063383
0.057371
0.072178
0.049530
0.027119
0.163421
0.039536
0.042597
0.002774
0.022488
0.142034
0.005300
0.010147
0.060947
0.001824
0.002057
0.019531
0.008431
0.043575
0.007279
0.049050
0.052993
0.086422
0.044840
0.025077
0.002775
0.017903
0.106272
0.027515
0.098186
0.016093
0.007164
0.080177
0.057129
0.065700
0.004517
0.006451
0.017321
0.041222
0.038191
0.031117
0.071708
0.047520
0.103439
0.154270
0.010249
0.000284
0.001954
0.150030
0.040128
0.015489
0.065020
0.122162
0.084221
0.035320
0.023867
0.038415
0.061380
0.022001
0.022432
0.009754
0.017330
0.024553
0.010414
0.108962
0.029993
0.071551
0.021195
0.037204
0.023001
0.003425
0.062297
0.032300
0.014815
0.006543
0.034276
0.000590
0.007407
0.026542
0.068539
0.021589
0.026990
0.057403
0.038774
0.015902
0.009966
0.086032
0.030680
0.007611
0.018804
0.147308
0.026094
0.023815
0.041356
0.021732
0.037838
0.008721
0.076159
0.080948
0.003227
0.014774
0.067096
0.030973
0.014430
0.002659
0.011872
0.001754
0.002883
0.080273
0.004602
0.030583
0.026173
0.016425
0.048999
0.026342
0.025288
0.002105
0.024647
0.006371
0.024598
0.084501
0.033309
0.045444
0.034545
0.018080
0.004377
0.076782
0.087325
0.170237
0.006939
0.012264
0.145556
0.111243
0.021118
0.081137
0.016691
0.253961
0.108823
0.002340
0.126184
0.091651
0.124123
0.036761
0.129591
0.087823
0.099415
0.004555
0.054461
0.016250
0.013397
0.000406
0.031705
0.005645
0.031697
0.016068
0.010267
0.103905
0.043068
0.001219
0.028950
0.019180
0.005904
0.009381
0.029486
0.042906
0.009044
0.087817
0.139060
0.001431
0.036495
0.018031
0.034533
0.209668
0.004407
0.003384
0.055501
0.040628
0.028426
0.061029
0.051223
0.052089
0.050740
0.010437
0.049384
0.168090
0.004181
0.050166
0.026238
0.085306
0.000696
0.006206
0.014626
0.061816
0.104272
0.048177
0.023352
0.117208
0.060456
0.002058
0.014151
0.025650
0.041287
0.124012
0.023430
0.000600
0.193765
0.041472
0.032833
0.000485
0.126817
0.007456
0.018229
0.108535
0.002683
0.013716
0.000314
0.037613
0.014783
0.023997
0.080725
0.040455
0.027162
0.051139
0.006360
0.042279
0.079085
0.045238
0.000891
0.016756
0.012064
0.251901
0.038236
0.027555
0.037931
0.006177
0.001656
0.010394
0.022928
0.094185
0.045086
0.025331
0.071442
0.027650
0.222169
0.021704
0.000891
0.049445
0.127013
0.033018
0.055223
0.023092
0.007404
0.023123
0.024355
0.063511
0.025420
0.003377
0.048312
0.000968
0.011822
0.031938
0.063570
0.060961
0.053683
0.089340
0.024589
0.038645
0.103175
0.080637
0.035834
0.019744
0.011923
0.083951
0.084187
0.032683
0.100959
0.017665
0.046061
0.013970
0.155616
0.040922
0.053347
0.043943
0.088861
0.024216
0.002143
0.023915
0.019664
0.033077
0.021622
0.017096
0.038299
0.065075
0.010661
0.146715
0.034824
0.017248
0.018711
0.156718
0.165158
0.021486
0.030398
0.044896
0.047053
0.009020
0.022114
0.068838
0.079819
0.031247
0.026467
0.002729
0.007862
0.044255
0.269061
0.068342
0.081017
0.120431
0.139016
0.016374
0.009728
0.050402
0.018047
0.049094
0.123946
0.013632
0.054366
0.138237
0.002945
0.039125
0.037002
0.022222
0.137706
0.061641
0.085040
0.013563
0.033943
0.120809
0.058269
0.022612
0.030118
0.071154
0.014216
0.004617
0.141192
0.015849
0.065090
0.052495
0.065079
0.085411
0.064493
0.037096
0.076608
0.019068
0.030392
0.146439
0.018666
0.151843
0.320048
0.033246
0.020287
0.008301
0.058311
0.034732
0.006061
0.011226
0.053989
0.106109
0.063370
0.163429
0.016848
0.008361
0.017176
0.003621
0.026269
0.044356
0.000108
0.035857
0.101459
0.002062
0.198742
0.114652
0.066445
0.080539
0.034677
0.077474
0.001969
0.036786
0.011557
0.042253
0.007384
0.011450
0.120195
0.112794
0.016295
0.004125
0.066552
0.030065
0.123902
0.033265
0.011030
0.100802
0.029069
0.031853
0.049032
0.001548
0.027362
0.147567
0.345046
0.026764
0.027592
0.035765
0.097974
0.143607
0.013098
0.067539
0.189565
0.130916
0.108569
0.019769
0.021436
0.059828
0.020449
0.037599
0.010309
0.038459
0.093211
0.002316
0.053108
0.011335
0.238012
0.016704
0.003858
0.002824
0.055800
0.095264
0.013558
0.057889
0.019623
0.061851
0.005206
0.008554
0.188522
0.093255
0.070800
0.001939
0.007644
0.211165
0.047940
0.029409
0.029018
0.042161
0.065881
0.048961
0.033127
0.034473
0.013603
0.082717
0.047064
0.067001
0.033578
0.009350
0.020738
0.094191
0.034112
0.031914
0.057724
0.092258
0.072832
0.189781
0.198037
0.078438
0.060287
0.075626
0.139561
0.076204
0.065199
0.050807
0.011331
0.090669
0.050776
0.018024
0.042941
0.055967
0.099523
0.029885
0.015923
0.075064
0.006575
0.045499
0.022698
0.069343
0.005513
0.067058
0.009553
0.070306
0.227580
0.009157
0.000905
0.042088
0.060688
0.008608
0.109000
0.143092
0.014849
0.036406
0.051810
0.004507
0.012088
0.024349
0.039969
0.054761
0.034511
0.096501
0.005569
0.043543
0.173017
0.168471
0.084551
0.020124
0.069900
0.034001
0.023376
0.017190
0.013935
0.068054
0.041831
0.030282
0.042468
0.029651
0.044174
0.008888
0.046184
0.011761
0.107750
0.083453
0.084649
0.033319
0.022838
0.001970
0.076749
0.044670
0.016435
0.000772
0.006774
0.006319
0.016549
0.033150
0.159218
0.278289
0.107381
0.003245
0.102820
0.007804
0.023915
0.085739
0.148481
0.051231
0.222837
0.000020
0.053526
0.057993
0.002580
0.056228
0.032325
0.040285
0.015997
0.006645
0.052584
0.001527
0.016360
0.081463
0.106099
0.031200
0.001161
0.004759
0.047466
0.000008
0.008833
0.024058
0.023747
0.071709
0.090978
0.034774
0.081464
0.039386
0.019152
0.006819
0.015564
0.033055
0.190626
0.004627
0.020378
0.073911
0.015263
0.039416
0.042183
0.000503
0.078727
0.169749
0.037938
0.013759
0.044155
0.129262
0.036994
0.017354
0.068400
0.043560
0.033362
0.022905
0.000150
0.002113
0.030478
0.112596
0.054413
0.019599
0.023260
0.003750
0.079372
0.043428
0.016609
0.054501
0.128274
0.020953
0.002171
0.062486
0.049298
0.001900
0.006534
0.007160
0.025255
0.008780
0.011389
0.028124
0.032078
0.023224
0.024036
0.089462
0.072369
0.019004
0.011762
0.022345
0.185118
0.024669
0.017628
0.073261
0.026699
0.020640
0.012693
0.020557
0.032245
0.003924
0.006573
0.028197
0.152569
0.035861
0.044109
0.076180
0.014743
0.043924
0.000284
0.100636
0.023207
0.011246
0.048351
0.070883
0.004462
0.000263
0.075136
0.003935
0.145330
0.013421
0.022237
0.012397
0.183425
0.012058
0.094032
0.040456
0.034370
0.003452
0.090296
0.070621
0.025368
0.042424
0.046557
0.022124
0.005496
0.067338
0.041267
0.074126
0.009924
0.070812
0.055207
0.015757
0.021792
0.028860
0.010864
0.027807
0.041128
0.008300
0.135728
0.038802
0.010672
0.002290
0.102302
0.067348
0.134144
0.009630
0.044746
0.003278
0.045114
0.051263
0.068754
0.008315
0.096495
0.100666
0.029450
0.059876
0.051466
0.110484
0.041796
0.028526
0.049265
0.091384
0.017124
0.011640
0.011625
0.027578
0.066643
0.063234
0.060119
0.088673
0.001118
0.043279
0.089233
0.030639
0.016238
0.019083
0.121474
0.038678
0.003999
0.073675
0.018756
0.241384
0.017623
0.040290
0.030067
0.063358
0.011554
0.148658
0.035104
0.069901
0.007889
0.035315
0.171642
0.077944
0.034978
0.200077
0.002722
0.077212
0.058986
0.135889
0.005386
0.029668
0.158830
0.076257
0.017723
0.065587
0.023653
0.013747
0.036513
0.080962
0.010883
0.080051
0.112267
0.200793
0.062867
0.065994
0.062388
0.006083
0.007455
0.012204
0.024581
0.039467
0.083493
0.008315
0.063856
0.138880
0.003368
0.002988
0.078713
0.043411
0.019947
0.173188
0.142899
0.140338
0.044293
0.034333
0.100219
0.098028
0.037952
0.000888
0.066930
0.098907
0.100076
0.040074
0.021415
0.036221
0.025104
0.011984
0.067143
0.107914
0.048999
0.030604
0.022717
0.106571
0.005911
0.009091
0.022678
0.004351
0.107835
0.012430
0.044412
0.024194
0.033846
0.023786
0.094585
0.026457
0.010667
0.011614
0.018882
0.069513
0.010452
0.044202
0.083486
0.000269
0.121684
0.071557
0.010464
0.035939
0.012181
0.040202
0.008289
0.009307
0.039176
0.016118
0.111417
0.061636
0.007996
0.007560
0.002288
0.032422
0.063278
0.099294
0.001212
0.039620
0.157132
0.030054
0.000075
0.027018
0.018890
0.256794
0.034968
0.024881
0.037119
0.064295
0.042522
0.077046
0.027582
0.052260
0.061733
0.027093
0.065456
0.018507
0.222785
0.083737
0.002851
0.020744
0.013893
0.125493
0.052414
0.061649
0.033972
0.112157
0.032884
0.036654
0.017108
0.000252
0.010821
0.089971
0.086331
0.074980
0.010502
0.026904
0.024282
0.039821
0.183186
0.167471
0.033049
0.058765
0.005511
0.012187
0.056594
0.038733
0.014136
0.014145
0.020563
0.028234
0.107963
0.042226
0.000761
0.028948
0.010624
0.100961
0.080222
0.021426
0.073831
0.015028
0.109657
0.218701
0.016432
0.033541
0.124257
0.073384
0.002262
0.230926
0.043466
0.012605
0.010426
0.079232
0.014158
0.055225
0.000972
0.002276
0.010685
0.154513
0.018967
0.032445
0.203579
0.039693
0.116648
0.008454
0.034006
0.002984
0.000028
0.037381
0.054712
0.052592
0.094197
0.043949
0.019395
0.087133
0.056828
0.119424
0.020016
0.076158
0.116344
0.054852
0.078878
0.005525
0.014327
0.054932
0.023553
0.068329
0.005015
0.224803
0.007738
0.013199
0.013720
0.078029
0.015233
0.236387
0.009703
0.006141
0.021269
0.050286
0.071656
0.042553
0.073207
0.132396
0.036089
0.098228
0.052643
0.006129
0.200819
0.032199
0.005974
0.002540
0.062889
0.100341
0.078742
0.023337
0.100015
0.031472
0.051323
0.021105
0.003129
0.106711
0.051974
0.024677
0.034606
0.082532
0.039214
0.044221
0.062792
0.027435
0.005846
0.052734
0.005006
0.120933
0.013371
0.002988
0.172468
0.066472
0.007725
0.011382
0.030933
0.114368
0.002573
0.010136
0.040259
0.022541
0.010502
0.007515
0.022849
0.042940
0.019189
0.041244
0.021505
0.066568
0.154464
0.003448
0.010535
0.084256
0.018392
0.028748
0.013009
0.097651
0.053767
0.012490
0.049901
0.010407
0.025076
0.022041
0.044709
0.110900
0.060719
0.041483
0.063847
0.024453
0.060933
0.069304
0.028941
0.018735
0.008673
0.137370
0.152781
0.049625
0.015686
0.021860
0.009305
0.132416
0.038877
0.043545
0.131389
0.015107
0.169360
0.059974
0.010944
0.024980
0.025637
0.046503
0.125989
0.045953
0.116434
0.029221
0.029576
0.021601
0.107882
0.043782
0.069726
0.060490
0.024443
0.219361
0.004886
0.022709
0.033385
0.047326
0.279861
0.217006
0.203683
0.030049
0.039056
0.010830
0.010354
0.109385
0.041183
0.012124
0.139128
0.058923
0.039706
0.068595
0.089407
0.004029
0.030897
0.032208
0.029599
0.074258
0.090016
0.079664
0.066748
0.054842
0.040612
0.004109
0.044740
0.008317
0.030579
0.010386
0.010435
0.015153
0.048437
0.019807
0.107761
0.007950
0.028012
0.039634
0.154285
0.144962
0.059033
0.023992
0.003206
0.004743
0.120283
0.015124
0.047522
0.031002
0.007688
0.240096
0.125232
0.017439
0.051382
0.038423
0.014759
0.012834
0.006528
0.057785
0.088473
0.000368
0.014671
0.006811
0.003293
0.016384
0.055375
0.060240
0.139049
0.046049
0.040502
0.001523
0.033841
0.032971
0.067273
0.051398
0.003346
0.007707
0.040752
0.086746
0.030043
0.036681
0.093953
0.108129
0.072434
0.001081
0.041881
0.010997
0.122737
0.043168
0.011327
0.022845
0.071850
0.081297
0.002162
0.046811
0.031681
0.040857
0.043621
0.014299
0.150513
0.015279
0.004749
0.003195
0.028867
0.003599
0.186763
0.025771
0.066959
0.023580
0.080554
0.020901
0.003264
0.004189
0.001992
0.052244
0.037278
0.055971
0.102064
0.098604
0.261683
0.002564
0.052645
0.101301
0.021805
0.025363
0.022838
0.271888
0.185653
0.103021
0.042475
0.053878
0.013468
0.085431
0.032054
0.008009
0.029740
0.023879
0.003803
0.074955
0.058243
0.005048
0.119585
0.002731
0.016461
0.248431
0.112012
0.021534
0.068670
0.045626
0.003426
0.011136
0.164855
0.028984
0.044891
0.076184
0.009497
0.075195
0.005777
0.113773
0.308118
0.034408
0.054823
0.034660
0.054772
0.050825
0.006890
0.002219
0.019063
0.085009
0.036044
0.025621
0.014689
0.050735
0.011304
0.012765
0.033763
0.042884
0.080540
0.060568
0.035144
0.020266
0.001951
0.009894
0.054126
0.077503
0.182603
0.010778
0.033276
0.006310
0.016695
0.071742
0.010482
0.034175
0.030908
0.000088
0.023026
0.038694
0.070566
0.001879
0.027145
0.031754
0.008055
0.011694
0.110597
0.023475
0.092262
0.064261
0.010656
0.072206
0.160683
0.027186
0.034261
0.064687
0.009464
0.041664
0.053121
0.043211
0.007111
0.086766
0.005775
0.004576
0.046292
0.051427
0.009976
0.136409
0.010011
0.015459
0.023890
0.030198
0.010953
0.020431
0.007658
0.025820
0.095330
0.017558
0.012545
0.104039
0.006242
0.114794
0.060143
0.042280
0.044957
0.006567
0.021722
0.060655
0.003966
0.067329
0.003721
0.144557
0.082178
0.080914
0.078415
0.023919
0.007186
0.009734
0.013477
0.063230
0.031522
0.025994
0.036010
0.013801
0.015412
0.006738
0.002536
0.005756
0.009393
0.007089
0.013954
0.002568
0.048081
0.020131
0.037292
0.052166
0.147880
0.071535
0.000996
0.216951
0.096603
0.071354
0.075883
0.018310
0.106372
0.034049
0.062301
0.013522
0.029480
0.038898
0.000495
0.017299
0.006893
0.081403
0.057911
0.170075
0.053781
0.080994
0.086715
0.023442
0.060528
0.043843
0.001274
0.013749
0.096182
0.136050
0.010625
0.019544
0.033054
0.096435
0.031955
0.088775
0.066371
0.032210
0.042186
0.001657
0.017205
0.025420
0.088340
0.028937
0.045261
0.018565
0.052118
0.019034
0.060293
0.007380
0.032627
0.119140
0.008005
0.092358
0.086577
0.027708
0.032525
0.044777
0.057855
0.069382
0.013659
0.019844
0.005425
0.072196
0.035990
0.022507
0.126580
0.011609
0.006543
0.029223
0.057177
0.009511
0.014997
0.144005
0.116877
0.101846
0.148995
0.049306
0.017462
0.079696
0.039040
0.009317
0.035640
0.025690
0.123362
0.065420
0.208226
0.149139
0.041431
0.028585
0.020145
0.010153
0.021272
0.071730
0.074917
0.046716
0.035648
0.039035
0.097156
0.006760
0.130011
0.100732
0.057523
0.045581
0.031735
0.081051
0.027556
0.014200
0.031808
0.077074
0.003368
0.032253
0.012125
0.013095
0.043654
0.020723
0.048946
0.029986
0.036243
0.020632
0.017098
0.072230
0.014376
0.042421
0.079726
0.044884
0.041338
0.048581
0.003237
0.114146
0.018093
0.055363
0.092758
0.077995
0.092286
0.010576
0.044220
0.001087
0.067983
0.001265
0.033724
0.012678
0.000284
0.121461
0.003082
0.030940
0.009832
0.054936
0.074654
0.082155
0.042397
0.088226
0.076871
0.136562
0.056920
0.067931
0.010498
0.006303
0.041892
0.049761
0.005258
0.027321
0.004664
0.026870
0.254118
0.114041
0.004241
0.046616
0.004390
0.046871
0.097743
0.040271
0.020598
0.047449
0.011650
0.006212
0.066414
0.057574
0.025982
0.088390
0.095597
0.045874
0.002614
0.115473
0.000540
0.010219
0.067667
0.008952
0.108092
0.053907
0.229550
0.079893
0.015725
0.042983
0.038026
0.018602
0.118321
0.061454
0.045475
0.039508
0.024931
0.027015
0.026173
0.003913
0.004658
0.100557
0.015136
0.012581
0.025526
0.023469
0.000791
0.029802
0.026807
0.014555
0.101850
0.028605
0.010328
0.027359
0.013402
0.142982
0.082154
0.016311
0.093757
0.069933
0.065899
0.084397
0.002905
0.018865
0.026245
0.053607
0.050316
0.092410
0.102977
0.060739
0.079938
0.236061
0.012607
0.092887
0.034498
0.169006
0.082201
0.028574
0.051570
0.116789
0.004474
0.006974
0.045971
0.045325
0.002071
0.040314
0.011163
0.015451
0.014068
0.035185
0.040026
0.030490
0.016086
0.062614
0.020941
0.021794
0.000774
0.079902
0.015303
0.001377
0.000819
0.007921
0.018306
0.003034
0.223005
0.179771
0.058972
0.018737
0.306940
0.069087
0.073412
0.024011
0.026150
0.048416
0.028879
0.066894
0.015634
0.096846
0.063266
0.044788
0.029715
0.013117
0.025784
0.035151
0.082556
0.018310
0.031151
0.193706
0.037391
0.037062
0.119937
0.085593
0.032486
0.002128
0.143385
0.017260
0.057455
0.015795
0.005467
0.171032
0.016140
0.078180
0.003009
0.034811
0.006526
0.086928
0.000852
0.042638
0.087606
0.038041
0.016328
0.054894
0.072360
0.076716
0.010870
0.009941
0.155657
0.006765
0.008119
0.046325
0.090214
0.027138
0.039367
0.082044
0.001653
0.105345
0.003800
0.067852
0.027470
0.065389
0.083780
0.010084
0.014877
0.070077
0.006187
0.049429
0.002653
0.022413
0.002606
0.000467
0.005022
0.002491
0.168780
0.036140
0.072579
0.004830
0.085300
0.054952
0.099021
0.045123
0.037938
0.006442
0.100483
0.013944
0.018134
0.025436
0.012118
0.001370
0.088856
0.011913
0.016867
0.022688
0.022369
0.014405
0.018536
0.169751
0.009014
0.131795
0.004003
0.145984
0.117707
0.048541
0.003423
0.044799
0.000440
0.045550
0.002178
0.030919
0.000788
0.016300
0.030141
0.065075
0.013979
0.225790
0.060634
0.019266
0.004206
0.064905
0.054674
0.041500
0.134695
0.171536
0.153071
0.009756
0.047090
0.047366
0.031931
0.004445
0.074319
0.144899
0.053293
0.065197
0.018870
0.034572
0.051372
0.048543
0.087703
0.020852
0.011985
0.048623
0.123198
0.097239
0.014714
0.166746
0.053747
0.004978
0.057056
0.011185
0.025418
0.012295
0.089500
0.068198
0.039376
0.007675
0.080050
0.030293
0.008771
0.029078
0.079364
0.019507
0.084648
0.039431
0.003196
0.007065
0.055821
0.078524
0.032497
0.023633
0.017208
0.190243
0.044190
0.018457
0.020494
0.044571
0.009549
0.010944
0.094188
0.111330
0.017222
0.066746
0.086736
0.000839
0.013221
0.079721
0.110317
0.092959
0.036669
0.009643
0.028365
0.027910
0.023788
0.056669
0.026776
0.079344
0.084545
0.052136
0.063432
0.011747
0.002461
0.001009
0.023885
0.247053
0.018171
0.106008
0.026425
0.006864
0.164894
0.147690
0.076387
0.123619
0.072137
0.060347
0.018712
0.026626
0.001440
0.042700
0.246586
0.039280
0.016213
0.044466
0.069882
0.036067
0.099240
0.102696
0.020485
0.122378
0.069168
0.053087
0.133888
0.012337
0.036931
0.012897
0.008663
0.015756
0.225059
0.102642
0.020704
0.035810
0.105786
0.038634
0.024996
0.001188
0.017261
0.075169
0.225090
0.014489
0.118890
0.028760
0.043135
0.026868
0.049963
0.017220
0.011880
0.168317
0.018850
0.045531
0.027138
0.180951
0.028537
0.054428
0.013735
0.031964
0.079959
0.009072
0.053335
0.012761
0.034200
0.022987
0.108833
0.018944
0.044898
0.005350
0.015593
0.130513
0.057446
0.117659
0.023786
0.066547
0.043441
0.050122
0.007739
0.005153
0.007534
0.028961
0.022493
0.031252
0.005653
0.063353
0.093090
0.071773
0.218517
0.009455
0.019149
0.007659
0.047035
0.020602
0.015577
0.020070
0.009975
0.010077
0.013698
0.009798
0.041126
0.091063
0.000560
0.025961
0.003083
0.012130
0.030563
0.037893
0.021858
0.007565
0.000523
0.112191
0.058754
0.022065
0.088797
0.078532
0.047003
0.004606
0.018915
0.084220
0.032430
0.033872
0.027212
0.006383
0.048153
0.065616
0.103338
0.073654
0.033341
0.020520
0.017879
0.015075
0.084359
0.065511
0.004657
0.022285
0.035972
0.184595
0.064997
0.079420
0.019749
0.048211
0.027220
0.016540
0.030706
0.023750
0.003465
0.069161
0.052177
0.030926
0.017831
0.075363
0.048711
0.041296
0.090829
0.059134
0.003993
0.057422
0.025620
0.052767
0.039390
0.083807
0.006529
0.002317
0.032975
0.011896
0.032879
0.141721
0.068247
0.018406
0.049429
0.030524
0.023115
0.007554
0.065055
0.043515
0.069298
0.000320
0.133684
0.005524
0.083227
0.002690
0.058947
0.003541
0.066170
0.009833
0.047708
0.071819
0.071443
0.017069
0.018914
0.039362
0.103946
0.178775
0.029070
0.008809
0.087496
0.008715
0.057106
0.092102
0.015929
0.121219
0.052886
0.067592
0.192482
0.013562
0.008392
0.026704
0.051697
0.318487
0.013402
0.041806
0.015899
0.080913
0.011635
0.027549
0.115568
0.035467
0.134061
0.016983
0.092983
0.072157
0.026238
0.012103
0.041585
0.024473
0.004784
0.026657
0.010921
0.109335
0.089059
0.014505
0.012377
0.183012
0.009013
0.017842
0.183098
0.026915
0.079377
0.000552
0.011455
0.099540
0.194787
0.012199
0.011946
0.001179
0.020173
0.022230
0.035825
0.008564
0.038505
0.071414
0.091703
0.091189
0.045739
0.023660
0.058963
0.049304
0.046681
0.038986
0.010867
0.024293
0.183278
0.053675
0.094062
0.064076
0.000450
0.094716
0.108868
0.017642
0.009860
0.039695
0.042015
0.156214
0.001666
0.001272
0.070586
0.074819
0.145175
0.002527
0.015392
0.078111
0.015919
0.041358
0.004329
0.039117
0.037454
0.030365
0.027585
0.053929
0.066278
0.066727
0.061607
0.062058
0.018734
0.071815
0.019500
0.056493
0.056643
0.006027
0.065957
0.005358
0.020898
0.044531
0.108047
0.143781
0.070185
0.016422
0.052798
0.006256
0.008304
0.018937
0.162459
0.003751
0.001671
0.004165
0.029400
0.019696
0.093616
0.006302
0.060448
0.042566
0.165466
0.007221
0.072823
0.047201
0.175246
0.008613
0.056873
0.006206
0.166692
0.120288
0.005169
0.051328
0.055937
0.030284
0.007926
0.014665
0.003539
0.051896
0.056289
0.064651
0.120495
0.036807
0.073251
0.032783
0.037775
0.070203
0.014640
0.112597
0.006813
0.015691
0.003061
0.043110
0.046249
0.020874
0.112798
0.028422
0.009644
0.019152
0.010543
0.018842
0.015726
0.074145
0.153844
0.001153
0.024871
0.025335
0.120541
0.009690
0.012392
0.187625
0.081745
0.128935
0.023239
0.059191
0.008954
0.015020
0.023580
0.006256
0.061650
0.082733
0.020050
0.012609
0.189659
0.019727
0.041832
0.079392
0.055482
0.144385
0.038011
0.058632
0.062489
0.010379
0.022003
0.040049
0.035456
0.010572
0.014704
0.115884
0.041921
0.008283
0.062873
0.056840
0.011751
0.017992
0.035871
0.102679
0.077472
0.053143
0.002057
0.038179
0.020321
0.151850
0.054952
0.106338
0.060314
0.024721
0.099770
0.027795
0.023321
0.061965
0.046278
0.016651
0.007505
0.010957
0.028886
0.045590
0.077908
0.025061
0.004883
0.026585
0.033757
0.000882
0.019737
0.036629
0.008500
0.001649
0.069475
0.156223
0.002530
0.022273
0.022682
0.060495
0.008353
0.008427
0.018238
0.026681
0.083436
0.042001
0.047911
0.004940
0.028476
0.029494
0.008939
0.000949
0.024378
0.105579
0.001802
0.002530
0.026702
0.003288
0.091828
0.277529
0.003176
0.075012
0.057403
0.082062
0.214469
0.005023
0.035264
0.062510
0.060259
0.082432
0.101201
0.057567
0.062752
0.003891
0.000825
0.087267
0.052102
0.005451
0.022117
0.029710
0.042413
0.087919
0.038425
0.001213
0.100524
0.011453
0.004425
0.015212
0.072843
0.019410
0.045697
0.053693
0.023366
0.000914
0.101468
0.092545
0.058598
0.009977
0.003543
0.027667
0.068833
0.010058
0.037947
0.032366
0.130635
0.041904
0.006858
0.021634
0.026990
0.013070
0.010539
0.031639
0.007117
0.031251
0.012421
0.016292
0.031244
0.080567
0.043772
0.013789
0.065869
0.046511
0.005453
0.020063
0.034457
0.052597
0.011913
0.104671
0.009718
0.029094
0.006157
0.063923
0.078943
0.044766
0.012296
0.107048
0.009871
0.017224
0.025508
0.088288
0.097728
0.036488
0.036808
0.009329
0.043364
0.027759
0.026955
0.024052
0.082250
0.015490
0.056751
0.104211
0.017790
0.021973
0.006405
0.004291
0.064264
0.015066
0.148212
0.000147
0.204298
0.038084
0.024002
0.016336
0.030483
0.033497
0.058098
0.035778
0.132112
0.030220
0.017961
0.167090
0.026848
0.032067
0.010380
0.046557
0.053805
0.006635
0.090919
0.019526
0.014907
0.085694
0.013780
0.027834
0.038261
0.017960
0.173454
0.038369
0.035672
0.098275
0.095519
0.037839
0.021746
0.010782
0.078402
0.064460
0.058448
0.021052
0.023714
0.014067
0.109576
0.029844
0.005451
0.064117
0.013907
0.038353
0.038017
0.069672
0.074026
0.028671
0.065030
0.021283
0.052837
0.049772
0.052863
0.001807
0.031839
0.085753
0.019613
0.001759
0.033895
0.017889
0.064946
0.058918
0.012562
0.042002
0.142658
0.058084
0.063324
0.043886
0.000305
0.009501
0.006714
0.005611
0.032160
0.010065
0.011814
0.030719
0.062803
0.004100
0.023718
0.025347
0.038564
0.053051
0.026132
0.022174
0.009336
0.089702
0.004303
0.069827
0.038583
0.004167
0.008888
0.025761
0.038826
0.006930
0.077040
0.031846
0.102715
0.060877
0.019884
0.001706
0.141829
0.023018
0.025993
0.008843
0.024917
0.054397
0.004889
0.005607
0.032469
0.004637
0.012598
0.083893
0.022355
0.069939
0.000183
0.136680
0.039308
0.086557
0.072829
0.044633
0.020780
0.043644
0.037839
0.054971
0.093940
0.012411
0.097864
0.008916
0.105851
0.005332
0.173374
0.055069
0.030973
0.164856
0.004314
0.032535
0.188136
0.024473
0.082070
0.140870
0.013685
0.033313
0.083189
0.018321
0.012167
0.093976
0.053537
0.057176
0.129456
0.060758
0.024096
0.058073
0.132698
0.122125
0.015377
0.047519
0.074027
0.010046
0.058270
0.200220
0.046455
0.006979
0.077532
0.017279
0.065745
0.078751
0.004998
0.002900
0.014575
0.010275
0.053444
0.051761
0.061964
0.055870
0.004729
0.017151
0.040077
0.040431
0.034860
0.003363
0.101714
0.019513
0.025630
0.029152
0.145330
0.027213
0.007289
0.039404
0.014507
0.023137
0.060658
0.059921
0.069498
0.037522
0.005204
0.005377
0.045764
0.040337
0.003090
0.012658
0.009891
0.012061
0.110797
0.075470
0.006910
0.004722
0.031749
0.010775
0.022607
0.211434
0.015853
0.093944
0.076009
0.236330
0.005975
0.007911
0.032098
0.001400
0.041872
0.008118
0.079794
0.049538
0.012495
0.006024
0.015068
0.024509
0.030807
0.090402
0.073706
0.029500
0.130045
0.075253
0.037723
0.095309
0.074076
0.018411
0.003614
0.016113
0.081407
0.137554
0.000964
0.082092
0.062712
0.014834
0.223486
0.202100
0.042082
0.008616
0.033801
0.002098
0.068017
0.083554
0.028862
0.012174
0.100382
0.058918
0.035259
0.001714
0.009912
0.052486
0.053476
0.023899
0.241208
0.018416
0.110055
0.107981
0.201756
0.006922
0.030765
0.036072
0.000422
0.011713
0.024617
0.090206
0.025344
0.063034
0.063203
0.033532
0.072242
0.053954
0.044560
0.097025
0.023929
0.033463
0.001058
0.002730
0.029059
0.012670
0.007918
0.014325
0.021756
0.003993
0.051205
0.029747
0.033338
0.013251
0.125351
0.029719
0.016933
0.048942
0.168187
0.008570
0.085166
0.007735
0.000921
0.002722
0.167278
0.005843
0.010158
0.127370
0.182487
0.014817
0.028606
0.017327
0.048341
0.007427
0.109884
0.134162
0.013757
0.002967
0.006732
0.041831
0.011099
0.204155
0.046012
0.017781
0.030944
0.012363
0.030946
0.161598
0.067726
0.065044
0.028924
0.034138
0.129494
0.064033
0.133746
0.053016
0.065889
0.045111
0.072655
0.099287
0.122348
0.072343
0.008459
0.009603
0.257846
0.022574
0.064602
0.044079
0.015060
0.050148
0.024481
0.000987
0.056129
0.085775
0.082067
0.009094
0.024081
0.073143
0.007755
0.005554
0.017246
0.020686
0.094775
0.052161
0.142070
0.057372
0.045793
0.009744
0.011678
0.084653
0.019480
0.029696
0.003023
0.026871
0.050439
0.049409
0.067572
0.014925
0.056927
0.019957
0.012091
0.027955
0.351650
0.030441
0.002117
0.099461
0.011794
0.105158
0.089639
0.020474
0.069846
0.037258
0.021105
0.013135
0.043156
0.016095
0.071325
0.042482
0.045718
0.015065
0.001279
0.033500
0.027633
0.076863
0.053845
0.026186
0.009167
0.125262
0.010619
0.079785
0.086254
0.041346
0.150358
0.017321
0.236696
0.088005
0.177983
0.076133
0.019465
0.010453
0.019603
0.081911
0.094572
0.049286
0.017189
0.005738
0.128370
0.123124
0.074184
0.024740
0.005572
0.141708
0.061169
0.030264
0.037512
0.019912
0.004327
0.041499
0.141305
0.063039
0.094933
0.031726
0.105272
0.017459
0.206324
0.042694
0.014423
0.001893
0.027936
0.066040
0.053498
0.029823
0.031071
0.058178
0.097184
0.026079
0.022194
0.030761
0.034567
0.018557
0.016610
0.050872
0.118487
0.025093
0.061423
0.037471
0.075841
0.016499
0.015680
0.135027
0.083837
0.006631
0.010287
0.029509
0.069453
0.013856
0.024803
0.003370
0.022237
0.029812
0.077233
0.025841
0.093449
0.115058
0.044062
0.001715
0.076118
0.023360
0.083449
0.027677
0.105696
0.087435
0.075520
0.075582
0.201480
0.043925
0.152440
0.014020
0.017602
0.040344
0.021971
0.077913
0.007852
0.103970
0.049188
0.024032
0.000717
0.028906
0.038225
0.051066
0.030951
0.016413
0.017991
0.067407
0.033843
0.073235
0.016614
0.010826
0.008485
0.035116
0.110476
0.013823
0.169487
0.027907
0.002710
0.027470
0.055978
0.034569
0.008621
0.054099
0.062411
0.136332
0.079046
0.007703
0.008957
0.070866
0.067939
0.019183
0.010956
0.060358
0.089462
0.025597
0.039337
0.241659
0.002911
0.057012
0.034781
0.001361
0.022474
0.004518
0.040793
0.035655
0.015914
0.011270
0.147813
0.022403
0.068126
0.119728
0.012874
0.045799
0.096057
0.071947
0.018928
0.011614
0.031160
0.141746
0.019134
0.083216
0.056559
0.063002
0.028122
0.009163
0.322655
0.056435
0.008258
0.006904
0.022738
0.029864
0.003449
0.099218
0.066505
0.003401
0.007165
0.020632
0.006031
0.063965
0.010071
0.006501
0.033813
0.135729
0.012214
0.088841
0.045508
0.116911
0.044788
0.036864
0.016671
0.019202
0.072144
0.002055
0.015126
0.025629
0.031465
0.002656
0.158778
0.046787
0.016927
0.000658
0.004512
0.060395
0.018735
0.064116
0.051750
0.049177
0.092514
0.025326
0.014424
0.050332
0.006816
0.039184
0.082470
0.057635
0.125934
0.026861
0.020683
0.020368
0.075974
0.007185
0.032497
0.000109
0.022430
0.156933
0.004119
0.025171
0.075376
0.072172
0.003172
0.046351
0.005626
0.037504
0.017149
0.047588
0.017668
0.104615
0.049601
0.015554
0.023020
0.057903
0.003047
0.051140
0.063209
0.044224
0.032586
0.028455
0.006643
0.108761
0.009503
0.196937
0.086111
0.007858
0.037421
0.143531
0.091638
0.044696
0.082703
0.003949
0.019795
0.014103
0.094520
0.016746
0.042480
0.083902
0.001741
0.048412
0.007632
0.010060
0.042168
0.019773
0.052296
0.067204
0.002418
0.009434
0.005233
0.037686
0.085173
0.028277
0.094475
0.046710
0.006915
0.028724
0.045974
0.009994
0.013257
0.067645
0.058636
0.098818
0.052283
0.016516
0.004169
0.042895
0.044111
0.032022
0.029579
0.015916
0.027428
0.104393
0.163210
0.010870
0.065683
0.068674
0.068181
0.088397
0.059682
0.072523
0.026299
0.040839
0.118069
0.007966
0.001941
0.013422
0.056899
0.005114
0.059996
0.028237
0.110419
0.071003
0.032910
0.017376
0.087077
0.013222
0.061226
0.016594
0.086604
0.003524
0.047436
0.005513
0.077261
0.096178
0.074821
0.012555
0.126254
0.030300
0.060519
0.009123
0.001147
0.083827
0.026284
0.055833
0.026604
0.013829
0.050661
0.054750
0.029017
0.017607
0.013799
0.012950
0.059712
0.014597
0.009292
0.049124
0.045299
0.077128
0.090570
0.043120
0.019147
0.062844
0.017373
0.046490
0.009544
0.088351
0.004514
0.085939
0.060925
0.052349
0.041352
0.008817
0.095065
0.055064
0.095596
0.084162
0.006439
0.078704
0.017905
0.054532
0.056713
0.103405
0.072255
0.087165
0.047751
0.003730
0.052222
0.027210
0.053599
0.025232
0.047491
0.071795
0.007108
0.039333
0.040886
0.095516
0.022533
0.014765
0.009780
0.003472
0.006688
0.078946
0.076516
0.035469
0.029535
0.067762
0.016940
0.059495
0.014776
0.026187
0.032826
0.059857
0.005383
0.089750
0.025980
0.028914
0.083088
0.006714
0.011131
0.051647
0.004102
0.108455
0.079461
0.021269
0.017786
0.131974
0.007011
0.027724
0.003888
0.001578
0.006829
0.058305
0.294755
0.048020
0.043452
0.051454
0.087314
0.009719
0.095162
0.065939
0.037400
0.043252
0.174385
0.000204
0.051358
0.023085
0.002163
0.022324
0.010082
0.027411
0.084511
0.006508
0.017710
0.020976
0.020190
0.007879
0.048938
0.007498
0.022527
0.038305
0.057905
0.014832
0.107658
0.029703
0.038081
0.044556
0.187229
0.072689
0.010023
0.076113
0.040795
0.055736
0.012497
0.030173
0.073491
0.024992
0.026523
0.023395
0.030567
0.021368
0.051701
0.064848
0.008380
0.009786
0.108725
0.028096
0.046746
0.019955
0.077692
0.056694
0.075402
0.026980
0.045171
0.021965
0.029866
0.084066
0.022559
0.029238
0.001109
0.018924
0.201627
0.021611
0.077664
0.125464
0.028417
0.170802
0.026050
0.028825
0.003867
0.029829
0.124889
0.130885
0.022821
0.013633
0.107882
0.058666
0.006674
0.017411
0.030536
0.047979
0.018131
0.070995
0.008452
0.045282
0.002186
0.007298
0.077728
0.061036
0.070014
0.045385
0.041560
0.020308
0.144513
0.029612
0.049750
0.000145
0.007763
0.016902
0.154009
0.015772
0.185216
0.057502
0.008053
0.051988
0.002851
0.011838
0.025043
0.026680
0.035018
0.088274
0.024780
0.001699
0.044002
0.046012
0.008181
0.005427
0.005242
0.023445
0.153225
0.061748
0.003763
0.013493
0.063144
0.010278
0.001227
0.074801
0.123181
0.065335
0.061636
0.011269
0.127078
0.054600
0.033528
0.054466
0.050746
0.080866
0.118850
0.038420
0.031568
0.161272
0.038747
0.022699
0.019010
0.014679
0.088522
0.013116
0.000211
0.004413
0.055774
0.072505
0.050023
0.056227
0.025283
0.008898
0.012290
0.017592
0.131989
0.004923
0.070477
0.100358
0.041904
0.007331
0.010961
0.091850
0.012011
0.062841
0.085110
0.049943
0.040017
0.018821
0.063053
0.114141
0.082342
0.027947
0.113640
0.007806
0.121974
0.077538
0.062035
0.089970
0.044222
0.005413
0.004765
0.136450
0.096330
0.213224
0.072732
0.022661
0.021546
0.169041
0.008127
0.026268
0.016913
0.104518
0.045168
0.003159
0.025136
0.209035
0.068962
0.042165
0.071609
0.002001
0.003424
0.033319
0.041456
0.015318
0.172815
0.039030
0.081030
0.015558
0.107360
0.004094
0.038749
0.064423
0.006643
0.058969
0.004331
0.163992
0.026638
0.002382
0.004369
0.090195
0.075677
0.009840
0.093242
0.095193
0.008741
0.033533
0.065183
0.085573
0.096908
0.047040
0.027424
0.061552
0.078554
0.011121
0.029746
0.084860
0.030591
0.031354
0.011491
0.063978
0.003067
0.022829
0.039738
0.001544
0.031964
0.053460
0.016676
0.078820
0.010632
0.038941
0.179555
0.038399
0.050760
0.002187
0.001794
0.013970
0.049576
0.079669
0.042585
0.077302
0.043684
0.047190
0.162705
0.222610
0.219269
0.134176
0.056462
0.195742
0.006925
0.241638
0.000927
0.001663
0.003434
0.040453
0.027911
0.046577
0.092492
0.010954
0.023438
0.006049
0.004350
0.166691
0.004789
0.000086
0.123301
0.074709
0.000486
0.035581
0.031969
0.134421
0.096832
0.082656
0.123245
0.041526
0.033647
0.022344
0.106467
0.021463
0.049748
0.101585
0.002971
0.063021
0.042591
0.009638
0.041074
0.032671
0.035807
0.162283
0.003627
0.076867
0.002043
0.018260
0.018795
0.105529
0.132978
0.033125
0.012099
0.037683
0.013106
0.010703
0.017506
0.085555
0.058718
0.004932
0.248428
0.037934
0.037019
0.091220
0.030655
0.068401
0.058502
0.003911
0.029616
0.005417
0.047614
0.013589
0.010114
0.092177
0.006721
0.095173
0.168591
0.118036
0.060055
0.014238
0.014977
0.105674
0.089108
0.016450
0.065193
0.003912
0.037565
0.033703
0.133156
0.110654
0.013684
0.047412
0.010756
0.004081
0.097042
0.056366
0.088634
0.100937
0.007443
0.051724
0.016201
0.135484
0.046793
0.009653
0.022255
0.073520
0.130188
0.055004
0.017666
0.049443
0.058024
0.100396
0.008952
0.002284
0.047903
0.052728
0.048217
0.073791
0.075496
0.014124
0.063679
0.029030
0.110607
0.007136
0.168155
0.025243
0.003851
0.008819
0.016669
0.003128
0.067779
0.004713
0.065542
0.000512
0.014826
0.017935
0.031153
0.004251
0.020412
0.042956
0.000307
0.056772
0.123645
0.006497
0.018856
0.083378
0.055171
0.039548
0.022431
0.033590
0.056157
0.012462
0.026215
0.069317
0.003374
0.024158
0.051386
0.022896
0.036163
0.132828
0.101424
0.008851
0.015219
0.027993
0.034338
0.168755
0.010237
0.018998
0.044187
0.029809
0.000844
0.097776
0.015532
0.016729
0.007444
0.080300
0.068981
0.113354
0.000383
0.117896
0.018049
0.014974
0.062876
0.079693
0.039837
0.068209
0.114139
0.005272
0.147496
0.029738
0.023252
0.081617
0.110401
0.053859
0.069234
0.131815
0.026253
0.044052
0.115628
0.040117
0.033965
0.086498
0.014144
0.021125
0.020417
0.022854
0.007710
0.001783
0.003834
0.002796
0.005929
0.167738
0.174934
0.040596
0.020418
0.087771
0.010992
0.110752
0.120129
0.032610
0.001353
0.016033
0.001558
0.057935
0.063317
0.050661
0.167355
0.011174
0.000613
0.062983
0.014153
0.103247
0.035136
0.182450
0.006750
0.087662
0.004746
0.033922
0.099043
0.184176
0.106298
0.016263
0.124104
0.064804
0.028054
0.008159
0.005962
0.048849
0.043390
0.036092
0.061270
0.030879
0.044058
0.002695
0.013996
0.020352
0.069685
0.008143
0.021364
0.005614
0.079957
0.078967
0.047165
0.050595
0.035676
0.016664
0.060377
0.108342
0.119667
0.028795
0.147333
0.112211
0.019555
0.088293
0.110469
0.014171
0.188179
0.013919
0.069819
0.089824
0.028017
0.037695
0.004220
0.014150
0.050353
0.068648
0.018952
0.022101
0.134973
0.053862
0.030556
0.054488
0.016088
0.176450
0.029782
0.004937
0.045085
0.001410
0.034524
0.045537
0.031680
0.004923
0.036722
0.013503
0.010082
0.051741
0.006265
0.069003
0.060627
0.099712
0.000642
0.006625
0.048640
0.002891
0.035231
0.025009
0.087784
0.024380
0.032132
0.128712
0.048352
0.030785
0.013771
0.112981
0.006803
0.031992
0.022154
0.004658
0.005719
0.014727
0.002521
0.071302
0.253095
0.062522
0.073280
0.152252
0.006575
0.013268
0.019500
0.035959
0.040230
0.040914
0.055553
0.018859
0.069517
0.003608
0.119952
0.000341
0.027997
0.113910
0.215798
0.025793
0.082002
0.114974
0.026386
0.022220
0.002451
0.084334
0.013117
0.045068
0.053316
0.021495
0.032414
0.064413
0.006951
0.019007
0.002475
0.004429
0.103794
0.002997
0.086699
0.071028
0.099020
0.021234
0.029391
0.004251
0.018654
0.026408
0.024106
0.000238
0.008614
0.015065
0.051022
0.025113
0.080070
0.000984
0.051008
0.089410
0.034066
0.023650
0.146514
0.054280
0.005431
0.079435
0.031444
0.067732
0.190993
0.026241
0.011509
0.044884
0.031173
0.130499
0.015723
0.037983
0.018386
0.016508
0.001234
0.079068
0.040410
0.012050
0.032354
0.019119
0.045809
0.050252
0.001624
0.037620
0.061734
0.019327
0.071929
0.074211
0.033561
0.008918
0.008123
0.002432
0.041305
0.006086
0.051284
0.047454
0.039615
0.000672
0.015822
0.057659
0.022599
0.012155
0.016643
0.052249
0.020910
0.022447
0.046669
0.035866
0.059523
0.014993
0.007430
0.051732
0.008430
0.168304
0.025935
0.028521
0.029335
0.003012
0.026754
0.012370
0.036506
0.050858
0.018622
0.068015
0.021226
0.023277
0.064036
0.007922
0.017929
0.041550
0.201179
0.007507
0.084692
0.111678
0.168972
0.040323
0.073874
0.053114
0.053891
0.049191
0.019781
0.007545
0.330502
0.067970
0.060152
0.015725
0.040703
0.006716
0.100493
0.052046
0.043017
0.031489
0.074924
0.164912
0.010812
0.019102
0.068768
0.000636
0.008972
0.022368
0.052110
0.074350
0.059511
0.022318
0.004523
0.056314
0.024310
0.017065
0.040083
0.033584
0.133026
0.013422
0.005210
0.006545
0.028327
0.004923
0.014634
0.001312
0.023639
0.061485
0.162525
0.047325
0.019065
0.280414
0.088924
0.024139
0.167635
0.076365
0.014058
0.063863
0.000536
0.057140
0.031941
0.022356
0.027415
0.023990
0.020617
0.039237
0.039743
0.022501
0.102127
0.011429
0.036207
0.018957
0.020024
0.007899
0.045540
0.000477
0.164699
0.022588
0.031069
0.010164
0.078744
0.028592
0.068755
0.027737
0.133087
0.050872
0.043368
0.066130
0.021604
0.049116
0.086767
0.024539
0.000620
0.008179
0.011466
0.064056
0.052061
0.001909
0.016830
0.200480
0.037707
0.002346
0.101100
0.013315
0.042108
0.039996
0.303399
0.087918
0.065276
0.013547
0.036977
0.009832
0.072542
0.047734
0.047300
0.015478
0.006802
0.041271
0.101415
0.001599
0.103995
0.070060
0.023129
0.035280
0.004761
0.025375
0.031589
0.054504
0.039352
0.005230
0.002274
0.006362
0.118115
0.037601
0.038630
0.025897
0.030449
0.041577
0.001107
0.013360
0.113223
0.013672
0.035722
0.003968
0.074401
0.012894
0.107609
0.004944
0.047279
0.001765
0.038697
0.021185
0.033503
0.130827
0.133243
0.019671
0.035009
0.078522
0.015334
0.050725
0.037681
0.109710
0.131508
0.002259
0.005030
0.084595
0.012992
0.025845
0.029902
0.048065
0.002322
0.054180
0.014628
0.034828
0.096606
0.030495
0.030755
0.104535
0.007574
0.047637
0.040141
0.056383
0.040570
0.019388
0.015626
0.068611
0.050884
0.064464
0.079572
0.095539
0.001374
0.018794
0.040549
0.007081
0.049041
0.021921
0.120121
0.007702
0.020633
0.112417
0.102501
0.013060
0.034694
0.099310
0.034736
0.104500
0.044876
0.042744
0.026608
0.126788
0.057358
0.000773
0.003674
0.001554
0.076376
0.045736
0.020595
0.023006
0.135454
0.059282
0.057250
0.018505
0.038501
0.034763
0.002907
0.075220
0.001309
0.029488
0.081686
0.021502
0.016521
0.063362
0.036978
0.022475
0.010255
0.005175
0.097551
0.055615
0.017014
0.001188
0.053940
0.066441
0.085176
0.040409
0.026155
0.017857
0.015168
0.151346
0.003749
0.003878
0.071050
0.106184
0.010125
0.010741
0.021555
0.020783
0.033868
0.056485
0.004292
0.054467
0.065042
0.120536
0.026179
0.029419
0.107713
0.025241
0.035013
0.041787
0.059432
0.023653
0.026854
0.105998
0.015584
0.045354
0.058305
0.038224
0.040461
0.037805
0.344244
0.002820
0.041837
0.047718
0.017664
0.033263
0.070947
0.000455
0.038687
0.043236
0.047383
0.034673
0.025988
0.043733
0.037698
0.040419
0.076913
0.038605
0.053194
0.072961
0.015344
0.085668
0.011620
0.067271
0.081885
0.053928
0.031871
0.077794
0.013127
0.030822
0.065221
0.112299
0.015094
0.018101
0.030969
0.022855
0.039500
0.022041
0.049968
0.080972
0.102061
0.019203
0.029318
0.021360
0.026466
0.021743
0.071980
0.076049
0.065441
0.018702
0.096896
0.027003
0.029092
0.016581
0.018448
0.026920
0.009092
0.005301
0.014878
0.007703
0.065287
0.061155
0.098372
0.041496
0.012074
0.001754
0.024090
0.042628
0.025573
0.003639
0.007642
0.012177
0.015496
0.009462
0.016510
0.004055
0.179837
0.018423
0.000415
0.063034
0.022636
0.090309
0.004484
0.013896
0.043442
0.028498
0.002038
0.025787
0.081309
0.009124
0.031312
0.172955
0.082084
0.136249
0.013319
0.131776
0.020891
0.009866
0.024250
0.112574
0.051313
0.025598
0.012056
0.011225
0.095764
0.014363
0.024453
0.011640
0.055203
0.010043
0.027510
0.054830
0.012509
0.085759
0.076842
0.081052
0.019910
0.086497
0.007118
0.008325
0.013442
0.011217
0.010628
0.027600
0.014861
0.016388
0.052344
0.067801
0.030258
0.003670
0.015083
0.004362
0.136102
0.027799
0.025905
0.041255
0.024487
0.021040
0.114086
0.000191
0.096237
0.041051
0.027849
0.041734
0.017002
0.011641
0.067756
0.013646
0.007249
0.011184
0.056322
0.020147
0.020422
0.060639
0.203494
0.037610
0.012707
0.011391
0.002104
0.031661
0.005595
0.073569
0.030032
0.065289
0.011046
0.065382
0.010752
0.081359
0.017664
0.039146
0.037104
0.082060
0.053639
0.072444
0.021338
0.015350
0.016783
0.025394
0.008156
0.059505
0.125594
0.006900
0.103479
0.064885
0.104807
0.047824
0.093474
0.069100
0.148425
0.060117
0.012425
0.033528
0.013241
0.006539
0.098319
0.009380
0.039668
0.051915
0.028862
0.010554
0.039809
0.026326
0.057448
0.335472
0.138513
0.006208
0.026168
0.016538
0.067548
0.115454
0.100947
0.010016
0.015262
0.074984
0.015183
0.068443
0.015266
0.001189
0.093242
0.032089
0.004338
0.065006
0.055292
0.001122
0.014069
0.099514
0.012453
0.016376
0.027714
0.036016
0.047113
0.024953
0.030368
0.033148
0.012459
0.021024
0.037534
0.094124
0.039950
0.005499
0.073903
0.001058
0.022624
0.006878
0.035876
0.086469
0.019104
0.005043
0.078863
0.000409
0.013468
0.086108
0.059381
0.000734
0.002654
0.061949
0.018267
0.063518
0.000184
0.022762
0.092846
0.001019
0.012050
0.033126
0.106581
0.018683
0.140509
0.117609
0.006001
0.025738
0.003736
0.000779
0.002630
0.049481
0.039241
0.011136
0.003412
0.052161
0.073571
0.097593
0.007661
0.059950
0.002020
0.080370
0.014469
0.106394
0.045379
0.051573
0.141233
0.081621
0.165534
0.015065
0.074568
0.010088
0.092682
0.113086
0.011286
0.051418
0.063422
0.085944
0.105873
0.057581
0.058813
0.010035
0.019516
0.127186
0.007296
0.017521
0.052108
0.011036
0.007299
0.047069
0.007400
0.030909
0.188073
0.013237
0.012701
0.051318
0.056930
0.014402
0.070321
0.016527
0.013843
0.005010
0.024873
0.039056
0.053912
0.081170
0.188412
0.010691
0.097119
0.065367
0.007734
0.018130
0.011868
0.025122
0.042962
0.057534
0.023544
0.000820
0.008370
0.010967
0.035333
0.084092
0.022491
0.004803
0.023525
0.023653
0.057260
0.016775
0.041834
0.023872
0.001900
0.104172
0.059456
0.049852
0.028076
0.008769
0.042598
0.013708
0.076052
0.010387
0.056638
0.007154
0.078545
0.062735
0.014149
0.015955
0.023188
0.038065
0.046001
0.125551
0.040428
0.037349
0.060207
0.008166
0.186440
0.018461
0.063611
0.035004
0.012577
0.157288
0.031453
0.109092
0.115799
0.127183
0.093065
0.027613
0.081078
0.029941
0.080708
0.162208
0.003287
0.051150
0.010717
0.089203
0.014439
0.024111
0.032591
0.078481
0.048716
0.007583
0.093181
0.062950
0.003334
0.023399
0.053592
0.180322
0.080045
0.039865
0.074050
0.052348
0.028092
0.021114
0.034388
0.060856
0.014106
0.071744
0.056555
0.099894
0.025981
0.103749
0.076570
0.020127
0.088966
0.069724
0.063918
0.060828
0.003999
0.004701
0.072392
0.063948
0.022686
0.007351
0.013302
0.021730
0.061312
0.064139
0.116315
0.010376
0.136157
0.021778
0.071824
0.100250
0.047254
0.111338
0.008998
0.036663
0.190029
0.059079
0.006680
0.115344
0.005449
0.014905
0.034013
0.014468
0.042322
0.035260
0.038629
0.021545
0.036973
0.060197
0.086166
0.014318
0.315547
0.085760
0.019260
0.002815
0.019406
0.004748
0.097915
0.056514
0.058401
0.034875
0.001570
0.034424
0.048791
0.019400
0.002626
0.057602
0.034678
0.002018
0.028659
0.059923
0.094327
0.094708
0.022047
0.030713
0.111335
0.076038
0.004280
0.027323
0.016781
0.003802
0.021246
0.039834
0.061731
0.067686
0.016487
0.025155
0.195873
0.074026
0.014158
0.045873
0.010895
0.114976
0.130261
0.046121
0.006603
0.004059
0.100863
0.022112
0.193485
0.047387
0.088848
0.009064
0.002838
0.123183
0.031648
0.005592
0.004735
0.146153
0.012802
0.040666
0.014163
0.133506
0.014661
0.063426
0.050582
0.018959
0.045435
0.016600
0.103894
0.015215
0.112599
0.000554
0.000430
0.005369
0.031840
0.028348
0.075791
0.025629
0.052567
0.021324
0.011321
0.027243
0.125601
0.052202
0.036735
0.055577
0.029910
0.065120
0.076603
0.052913
0.021570
0.078982
0.012256
0.019769
0.091751
0.024100
0.046738
0.005966
0.006539
0.009340
0.011958
0.031068
0.017503
0.042343
0.045437
0.227345
0.008631
0.145493
0.050299
0.014037
0.040575
0.070784
0.239704
0.025732
0.002286
0.050165
0.026636
0.040921
0.109501
0.099656
0.072228
0.026079
0.009300
0.017888
0.055787
0.001192
0.057038
0.000580
0.001215
0.046802
0.035612
0.014921
0.013791
0.097814
0.011460
0.071543
0.022578
0.039843
0.049775
0.006058
0.072995
0.012069
0.036128
0.007726
0.044029
0.097421
0.007837
0.049289
0.001306
0.031675
0.017633
0.049390
0.041783
0.019695
0.025834
0.006757
0.000088
0.020745
0.008301
0.007846
0.058033
0.043569
0.089670
0.039137
0.021225
0.033033
0.037488
0.023902
0.016969
0.054584
0.125100
0.036592
0.002589
0.095136
0.041616
0.096789
0.050015
0.030418
0.036851
0.031350
0.083729
0.032725
0.128689
0.034690
0.003426
0.037739
0.014925
0.067898
0.031393
0.024883
0.000440
0.016188
0.082416
0.060270
0.102236
0.025012
0.011521
0.002085
0.088784
0.098917
0.329613
0.002753
0.009864
0.046096
0.013385
0.087514
0.034141
0.000641
0.043742
0.052743
0.005580
0.042358
0.016157
0.028876
0.023160
0.002932
0.006731
0.065337
0.044205
0.008718
0.058513
0.037102
0.014216
0.012142
0.017105
0.013235
0.052275
0.013566
0.045226
0.072874
0.051266
0.024766
0.160392
0.019798
0.033394
0.115497
0.069072
0.086382
0.078023
0.033945
0.012945
0.024856
0.044191
0.031314
0.073931
0.040738
0.008844
0.083877
0.001059
0.023670
0.130344
0.042711
0.013755
0.152359
0.013929
0.006690
0.049773
0.091372
0.010002
0.018137
0.017812
0.063905
0.068337
0.010826
0.028138
0.004853
0.064165
0.059509
0.016253
0.258735
0.106695
0.032815
0.067912
0.001939
0.111422
0.050277
0.006494
0.091936
0.137621
0.017290
0.063458
0.210690
0.034476
0.074284
0.032091
0.008058
0.011439
0.096190
0.004909
0.017023
0.047399
0.035324
0.062804
0.001847
0.036160
0.031482
0.020325
0.025628
0.078666
0.056035
0.038601
0.042846
0.010175
0.000771
0.022764
0.030576
0.040823
0.176949
0.044828
0.028210
0.142455
0.073899
0.035050
0.025126
0.047211
0.008242
0.038361
0.058241
0.028919
0.095481
0.001509
0.006805
0.045606
0.003929
0.015682
0.040533
0.025621
0.038042
0.013649
0.077095
0.060776
0.032107
0.035177
0.014786
0.020183
0.022371
0.001839
0.016706
0.018985
0.047946
0.080299
0.108340
0.029978
0.027695
0.011760
0.048599
0.032421
0.037625
0.043681
0.052738
0.037453
0.001619
0.008094
0.042933
0.037024
0.086939
0.012910
0.024478
0.045844
0.083293
0.016882
0.046992
0.097405
0.014683
0.035297
0.091380
0.067283
0.038055
0.006377
0.019589
0.112831
0.008130
0.023529
0.024185
0.060816
0.004777
0.066030
0.074289
0.005962
0.011822
0.021085
0.015687
0.071297
0.052065
0.054166
0.051683
0.014982
0.102924
0.016290
0.070606
0.066691
0.006557
0.035656
0.063069
0.053350
0.023006
0.044809
0.001434
0.042894
0.009500
0.034456
0.157943
0.023553
0.038424
0.036311
0.039961
0.090195
0.009302
0.094381
0.014927
0.067982
0.038192
0.016712
0.014504
0.140794
0.044429
0.146256
0.074550
0.071746
0.001954
0.002190
0.013080
0.060114
0.074773
0.091649
0.088881
0.011614
0.004410
0.008025
0.007905
0.016820
0.044734
0.030531
0.072838
0.048801
0.030008
0.010744
0.061521
0.006112
0.069421
0.133961
0.005412
0.055758
0.022053
0.073476
0.071338
0.021977
0.085178
0.089714
0.099336
0.008484
0.047973
0.037848
0.051124
0.031785
0.023743
0.092653
0.100457
0.041381
0.026322
0.012549
0.018112
0.125263
0.033684
0.137862
0.019484
0.029767
0.036213
0.023041
0.163648
0.029967
0.017233
0.006551
0.004152
0.033409
0.346121
0.060355
0.051767
0.016644
0.007930
0.054050
0.037714
0.032070
0.044777
0.028605
0.001612
0.076339
0.025003
0.001908
0.005949
0.018588
0.008418
0.021117
0.068029
0.109069
0.034120
0.045460
0.036421
0.018821
0.220217
0.030123
0.060563
0.021450
0.023842
0.016746
0.114364
0.010529
0.105382
0.045378
0.012309
0.029982
0.045236
0.037731
0.043992
0.079615
0.092095
0.013197
0.046640
0.005192
0.006626
0.103489
0.014367
0.056829
0.057598
0.109077
0.057520
0.137271
0.030062
0.013291
0.006348
0.072615
0.234227
0.091828
0.123926
0.010203
0.032949
0.028894
0.012441
0.013332
0.000140
0.053202
0.012291
0.031152
0.011325
0.031481
0.020339
0.030074
0.006595
0.004826
0.032616
0.021844
0.001757
0.010707
0.095250
0.003695
0.036981
0.023968
0.024447
0.034516
0.003819
0.028885
0.107900
0.031386
0.172622
0.184530
0.007940
0.103639
0.010536
0.081896
0.095249
0.015519
0.079273
0.077274
0.009272
0.059899
0.032795
0.048025
0.044221
0.055592
0.142108
0.259557
0.002809
0.010310
0.057080
0.021974
0.113929
0.017938
0.050247
0.026344
0.135341
0.042049
0.127648
0.004044
0.108365
0.030307
0.204235
0.038777
0.261209
0.026537
0.016839
0.071457
0.030147
0.038575
0.031476
0.013553
0.009359
0.035512
0.012828
0.025633
0.018470
0.003671
0.098218
0.222873
0.003157
0.032954
0.016017
0.020440
0.033982
0.082916
0.003088
0.111888
0.038026
0.028150
0.067440
0.059559
0.004086
0.017266
0.003238
0.019176
0.007100
0.002758
0.113840
0.031065
0.026237
0.017829
0.120737
0.302765
0.025518
0.027792
0.006395
0.072920
0.014001
0.011429
0.002989
0.013514
0.012220
0.047118
0.104914
0.004056
0.112406
0.012493
0.001046
0.011046
0.065380
0.005909
0.004574
0.027320
0.000954
0.048325
0.022064
0.029197
0.028867
0.070908
0.024879
0.043803
0.019009
0.020399
0.078912
0.087850
0.032038
0.019254
0.162151
0.038176
0.003593
0.097747
0.067631
0.024903
0.065908
0.035869
0.022438
0.008621
0.030145
0.034557
0.053272
0.014857
0.099558
0.009128
0.046772
0.084984
0.012990
0.029225
0.017692
0.030354
0.128319
0.013984
0.059415
0.036252
0.009502
0.128920
0.036468
0.031573
0.001758
0.037390
0.031415
0.028075
0.026859
0.106967
0.080969
0.042694
0.017723
0.078613
0.091405
0.078325
0.034736
0.094769
0.019976
0.035459
0.022946
0.035124
0.073514
0.094980
0.025895
0.002381
0.023729
0.005339
0.081614
0.002803
0.019361
0.009001
0.030359
0.058711
0.106321
0.008171
0.050421
0.006998
0.012605
0.096651
0.010826
0.024458
0.050281
0.025062
0.020772
0.007104
0.019509
0.006940
0.055439
0.072389
0.034843
0.048939
0.024125
0.043102
0.069134
0.031131
0.057078
0.014974
0.051398
0.044012
0.062492
0.017931
0.011439
0.002005
0.027056
0.064835
0.031341
0.001223
0.043425
0.054442
0.036854
0.044150
0.035910
0.030440
0.006627
0.028565
0.125036
0.003442
0.043507
0.030480
0.027629
0.208428
0.050271
0.061544
0.099812
0.060674
0.024344
0.007272
0.006492
0.023310
0.035719
0.038832
0.006926
0.173564
0.019710
0.002579
0.029871
0.084550
0.007592
0.020384
0.183258
0.021775
0.004443
0.033365
0.104743
0.021694
0.115566
0.011345
0.033781
0.008485
0.032821
0.067005
0.004043
0.061727
0.041862
0.032188
0.085634
0.042126
0.050774
0.004080
0.154053
0.000318
0.036898
0.050198
0.017861
0.209265
0.091861
0.009693
0.025455
0.003015
0.027118
0.110071
0.000353
0.027912
0.047585
0.001948
0.016357
0.009697
0.026294
0.061860
0.042519
0.033816
0.036249
0.025425
0.085019
0.013482
0.017789
0.038363
0.093679
0.042953
0.086374
0.024586
0.004359
0.014853
0.157308
0.054474
0.028617
0.017452
0.002379
0.108750
0.014542
0.073810
0.035208
0.020712
0.010113
0.136518
0.036055
0.001733
0.085412
0.004671
0.052185
0.015626
0.008910
0.051050
0.075988
0.007372
0.088876
0.152337
0.064347
0.021349
0.067977
0.014807
0.006588
0.013334
0.201592
0.006420
0.024150
0.017362
0.012821
0.010881
0.063356
0.171230
0.023479
0.003788
0.065508
0.023020
0.024393
0.019501
0.015652
0.001865
0.042179
0.037412
0.063169
0.040847
0.000031
0.115496
0.084335
0.051710
0.033447
0.018021
0.013796
0.021254
0.032662
0.037592
0.103753
0.101497
0.049842
0.187992
0.026386
0.040657
0.111125
0.063503
0.111043
0.006348
0.032352
0.129231
0.004761
0.001377
0.020787
0.149221
0.004270
0.086040
0.157003
0.020061
0.067167
0.003163
0.016116
0.025404
0.002038
0.072253
0.003228
0.016120
0.061861
0.015652
0.035905
0.024606
0.052064
0.054187
0.004135
0.030953
0.010081
0.136751
0.039569
0.009763
0.014494
0.097518
0.016992
0.015118
0.163176
0.011200
0.077305
0.058285
0.181874
0.014512
0.096355
0.001672
0.086558
0.055265
0.006150
0.007332
0.041538
0.004817
0.074965
0.051031
0.028111
0.008580
0.065490
0.003026
0.098011
0.079503
0.008607
0.054710
0.048595
0.007081
0.014338
0.002887
0.050802
0.052135
0.005852
0.071882
0.006154
0.123712
0.012872
0.057617
0.023370
0.062547
0.012596
0.017694
0.053755
0.047140
0.052625
0.013645
0.001634
0.056632
0.086022
0.008262
0.016791
0.013392
0.091827
0.049303
0.044884
0.009528
0.085593
0.048134
0.005891
0.073475
0.010904
0.043726
0.025852
0.003998
0.056432
0.096173
0.031504
0.009602
0.008631
0.085010
0.025868
0.033369
0.082233
0.037799
0.127274
0.088457
0.036878
0.004708
0.024158
0.034313
0.038395
0.009192
0.083309
0.126408
0.253371
0.032253
0.006002
0.005223
0.022706
0.015337
0.032167
0.058422
0.102036
0.010760
0.082091
0.114018
0.069975
0.044967
0.012420
0.020163
0.043214
0.115787
0.082936
0.108093
0.009939
0.008272
0.037933
0.073370
0.041875
0.016580
0.001223
0.077616
0.006917
0.051947
0.090134
0.062006
0.029946
0.077465
0.003592
0.018432
0.091753
0.009244
0.023423
0.000944
0.021551
0.067636
0.059869
0.067189
0.054121
0.034501
0.039378
0.008135
0.059096
0.133247
0.036353
0.035720
0.004365
0.010420
0.004179
0.007696
0.077305
0.121099
0.043590
0.023805
0.018522
0.005136
0.089409
0.113741
0.019615
0.005311
0.006297
0.015463
0.066649
0.115095
0.021236
0.004559
0.000549
0.037701
0.035746
0.080334
0.014230
0.000737
0.042548
0.003084
0.038066
0.227228
0.037683
0.022655
0.085216
0.012536
0.069678
0.103075
0.122255
0.019337
0.037447
0.015221
0.009925
0.093533
0.000730
0.008344
0.022925
0.075350
0.116563
0.013839
0.025783
0.046861
0.069922
0.024701
0.001385
0.006143
0.045874
0.058304
0.024045
0.006358
0.036517
0.070166
0.096931
0.006949
0.013406
0.056480
0.010877
0.028487
0.031857
0.008593
0.047538
0.150376
0.136028
0.046221
0.116627
0.013479
0.013938
0.030079
0.087441
0.005755
0.007833
0.018948
0.020069
0.050108
0.039444
0.008780
0.070619
0.052639
0.083438
0.040716
0.002274
0.099447
0.023810
0.033526
0.096779
0.016096
0.057628
0.017135
0.014110
0.060576
0.063262
0.001403
0.008288
0.047576
0.031835
0.004243
0.109341
0.014770
0.044046
0.112976
0.058659
0.008366
0.031328
0.019834
0.008185
0.131120
0.002366
0.054687
0.076074
0.024262
0.014375
0.048339
0.065729
0.052423
0.023244
0.062737
0.015037
0.097870
0.085747
0.011313
0.009634
0.056873
0.011959
0.096713
0.007184
0.024758
0.034191
0.077160
0.146462
0.041437
0.009992
0.022616
0.032521
0.118170
0.026187
0.009495
0.019252
0.000544
0.147229
0.038771
0.046580
0.002602
0.017823
0.027080
0.167059
0.016410
0.096546
0.020103
0.161304
0.021509
0.020903
0.002913
0.097946
0.008572
0.027153
0.160263
0.174631
0.075896
0.136580
0.031210
0.077302
0.011787
0.018909
0.118705
0.120263
0.030677
0.060921
0.030550
0.204142
0.044575
0.005539
0.038726
0.010720
0.115787
0.024141
0.024234
0.017353
0.042112
0.022708
0.000996
0.007294
0.002762
0.167467
0.052349
0.041701
0.049943
0.069786
0.005050
0.069017
0.116700
0.136340
0.001649
0.033525
0.077522
0.015761
0.034963
0.078267
0.140509
0.085874
0.057542
0.091357
0.053932
0.142875
0.038485
0.017912
0.000240
0.039116
0.000006
0.013397
0.087647
0.034907
0.041608
0.004213
0.017559
0.020718
0.024337
0.045861
0.101982
0.041865
0.027198
0.003555
0.156668
0.026713
0.137606
0.042320
0.068856
0.040376
0.002920
0.024220
0.002376
0.015961
0.035804
0.088488
0.057730
0.038414
0.054164
0.002194
0.023676
0.072137
0.017258
0.018158
0.057669
0.009204
0.140591
0.059469
0.019071
0.007761
0.008950
0.016004
0.003005
0.063073
0.013320
0.003561
0.003514
0.052926
0.047367
0.067551
0.057976
0.019703
0.032367
0.069256
0.105578
0.021413
0.031499
0.001100
0.011602
0.034299
0.023946
0.068354
0.110528
0.049345
0.055179
0.031037
0.098781
0.019119
0.048511
0.052625
0.028608
0.076542
0.070639
0.039100
0.060056
0.029723
0.064605
0.043880
0.104040
0.099510
0.026613
0.151706
0.043637
0.019802
0.013277
0.058999
0.030434
0.087030
0.003750
0.021819
0.025555
0.027881
0.028615
0.028322
0.174280
0.006272
0.035421
0.034028
0.046345
0.036191
0.084554
0.065404
0.004201
0.042448
0.014473
0.112903
0.040131
0.123691
0.005061
0.219057
0.065419
0.008428
0.068714
0.044963
0.088451
0.074992
0.047093
0.006235
0.000996
0.031720
0.034878
0.060863
0.032276
0.044210
0.062964
0.042642
0.036436
0.033505
0.008570
0.020857
0.022173
0.042434
0.146396
0.002495
0.010374
0.174523
0.077453
0.002707
0.129691
0.073532
0.014712
0.039617
0.084316
0.022359
0.011557
0.015395
0.071044
0.014308
0.014929
0.036958
0.031934
0.124476
0.088027
0.008908
0.006943
0.015510
0.096022
0.090759
0.029620
0.071481
0.115055
0.036497
0.272946
0.032473
0.024589
0.028477
0.009706
0.009726
0.014894
0.047255
0.007933
0.006465
0.041340
0.006120
0.001650
0.084913
0.014824
0.003190
0.004024
0.057803
0.012594
0.018606
0.034145
0.156734
0.039707
0.055170
0.000926
0.030814
0.046688
0.001251
0.000741
0.068314
0.063018
0.113667
0.033374
0.103200
0.057409
0.038160
0.128371
0.088440
0.001992
0.046651
0.024546
0.078471
0.077884
0.015240
0.087081
0.018983
0.019281
0.018219
0.188244
0.038165
0.035829
0.123158
0.068649
0.022795
0.141107
0.016511
0.116565
0.006295
0.035489
0.014767
0.016219
0.012262
0.150335
0.083577
0.026128
0.041959
0.051455
0.030135
0.076883
0.035930
0.002165
0.002137
0.042361
0.125803
0.011371
0.131056
0.032051
0.002968
0.046364
0.013535
0.024140
0.009792
0.080494
0.028666
0.031219
0.104092
0.058935
0.026855
0.022140
0.095326
0.032219
0.112543
0.055979
0.064830
0.064005
0.020288
0.079605
0.016943
0.063104
0.002690
0.023558
0.033974
0.037814
0.054911
0.031567
0.003801
0.113125
0.044818
0.218716
0.016054
0.076373
0.041774
0.108188
0.001258
0.049259
0.131132
0.009524
0.059640
0.015692
0.111171
0.028942
0.072934
0.018382
0.006436
0.035252
0.005754
0.053228
0.129108
0.013865
0.007347
0.010053
0.013245
0.002659
0.042029
0.015763
0.033288
0.198015
0.018145
0.028946
0.002226
0.029165
0.136622
0.016146
0.015651
0.054052
0.128086
0.056777
0.157858
0.018248
0.097239
0.049450
0.108165
0.014213
0.055289
0.060491
0.047944
0.029993
0.051387
0.000899
0.023897
0.026281
0.021536
0.011905
0.055105
0.008741
0.106008
0.023165
0.020993
0.004139
0.040909
0.073403
0.019196
0.032736
0.085008
0.002194
0.040555
0.009092
0.018790
0.011353
0.020784
0.110954
0.014918
0.015125
0.052413
0.007220
0.190025
0.054058
0.012509
0.085952
0.017711
0.024298
0.007269
0.062695
0.004491
0.020038
0.001129
0.004549
0.032642
0.109871
0.026040
0.028795
0.049418
0.022680
0.057244
0.003702
0.045113
0.182638
0.047280
0.048379
0.093347
0.033214
0.034790
0.023949
0.063340
0.069758
0.010264
0.036895
0.003953
0.110421
0.003402
0.035650
0.028018
0.042923
0.051762
0.034947
0.054802
0.036404
0.034891
0.061134
0.033691
0.121104
0.029263
0.062392
0.108853
0.007763
0.011564
0.019747
0.119747
0.041496
0.031096
0.119114
0.090327
0.014571
0.177450
0.057864
0.001674
0.021366
0.153174
0.063890
0.011327
0.055700
0.247976
0.054812
0.052545
0.077926
0.004847
0.029267
0.039604
0.030690
0.015959
0.029806
0.050420
0.092229
0.043320
0.056880
0.030241
0.092738
0.139411
0.024577
0.137367
0.008027
0.001915
0.038638
0.068130
0.021928
0.022809
0.005522
0.017717
0.017293
0.107710
0.008301
0.076185
0.034712
0.048617
0.007283
0.001726
0.019536
0.077000
0.027142
0.012130
0.057497
0.124032
0.015834
0.084065
0.000684
0.032451
0.046017
0.025127
0.017180
0.132359
0.065093
0.022493
0.029739
0.002053
0.055593
0.030999
0.069720
0.160844
0.071024
0.133960
0.023801
0.011659
0.043515
0.047477
0.077591
0.031147
0.130050
0.033005
0.014762
0.004024
0.051090
0.007341
0.118535
0.067348
0.035178
0.003042
0.003609
0.024317
0.072058
0.067955
0.004702
0.025710
0.058602
0.024832
0.093891
0.057861
0.016582
0.047862
0.066655
0.012544
0.115604
0.033252
0.000845
0.161531
0.018300
0.057954
0.015390
0.018460
0.070536
0.104957
0.038596
0.035813
0.165451
0.010877
0.006341
0.010651
0.001473
0.099515
0.103846
0.062506
0.071953
0.083831
0.020596
0.080347
0.099473
0.058589
0.050256
0.014203
0.049592
0.025722
0.011233
0.048424
0.149095
0.026832
0.119923
0.000871
0.034587
0.094517
0.054088
0.015330
0.037062
0.049710
0.022966
0.012502
0.069035
0.031931
0.012051
0.003465
0.003129
0.015318
0.065601
0.041299
0.011743
0.062287
0.001729
0.039436
0.285953
0.040575
0.061143
0.032633
0.170217
0.024101
0.066972
0.033260
0.119508
0.005925
0.010123
0.028301
0.070168
0.048114
0.091708
0.003861
0.164272
0.046415
0.049157
0.017738
0.057297
0.003539
0.061280
0.026383
0.146893
0.137111
0.053071
0.019164
0.040334
0.061153
0.046204
0.055179
0.007421
0.018805
0.113071
0.004904
0.099717
0.029307
0.008243
0.010910
0.014988
0.023856
0.066051
0.129780
0.033772
0.031243
0.078620
0.166231
0.017222
0.116758
0.015116
0.050514
0.012250
0.047620
0.095738
0.067773
0.002860
0.027118
0.208508
0.068493
0.037785
0.033893
0.012519
0.078564
0.003879
0.041929
0.085566
0.005246
0.024787
0.014532
0.014593
0.050441
0.021820
0.071420
0.070779
0.124582
0.021292
0.064912
0.012682
0.031454
0.057154
0.052685
0.091464
0.106716
0.133890
0.005800
0.080315
0.029695
0.044131
0.018590
0.033283
0.018164
0.047771
0.059166
0.082432
0.025141
0.085751
0.005524
0.043034
0.006106
0.036136
0.019667
0.055794
0.053362
0.019259
0.096347
0.148303
0.047759
0.004740
0.002761
0.094031
0.015147
0.017104
0.005888
0.088347
0.111830
0.034744
0.037411
0.146161
0.024724
0.080127
0.004664
0.009662
0.059062
0.085574
0.048299
0.013427
0.002956
0.021652
0.020824
0.029237
0.016845
0.068336
0.010726
0.088240
0.035317
0.052295
0.087687
0.002230
0.067400
0.008391
0.029600
0.005227
0.109947
0.017850
0.144627
0.125245
0.049934
0.296306
0.054162
0.046705
0.025389
0.019324
0.012676
0.029549
0.051543
0.052472
0.035118
0.007353
0.080237
0.051172
0.015829
0.067811
0.015654
0.033701
0.083694
0.013089
0.036745
0.024852
0.024120
0.004181
0.036707
0.001355
0.085338
0.004224
0.006700
0.100902
0.007222
0.085657
0.027766
0.048531
0.056603
0.002476
0.065701
0.047954
0.000643
0.041449
0.040309
0.030378
0.047107
0.028753
0.056315
0.046160
0.044479
0.002173
0.062405
0.029870
0.011227
0.016716
0.030533
0.028827
0.048247
0.071090
0.028468
0.028814
0.008783
0.075923
0.063754
0.002272
0.001529
0.069994
0.057291
0.084595
0.023606
0.035338
0.045436
0.271876
0.122236
0.022537
0.013927
0.084154
0.000767
0.003640
0.018682
0.051021
0.023308
0.018699
0.003922
0.011510
0.055678
0.091107
0.031172
0.151453
0.064167
0.059455
0.004712
0.021270
0.049215
0.000612
0.007313
0.059605
0.012023
0.045805
0.002007
0.035870
0.002093
0.035302
0.151295
0.055712
0.071068
0.067998
0.002863
0.114681
0.006678
0.021042
0.030446
0.016467
0.028497
0.015488
0.012306
0.092007
0.016977
0.002697
0.056227
0.006453
0.042756
0.125523
0.000902
0.069628
0.035738
0.099186
0.021202
0.051372
0.109799
0.137669
0.055361
0.054116
0.071643
0.039102
0.018911
0.119574
0.004494
0.031093
0.021053
0.071292
0.105353
0.137416
0.028674
0.054809
0.041642
0.085803
0.052430
0.292179
0.019366
0.056275
0.024245
0.014297
0.056162
0.075676
0.048784
0.063547
0.023738
0.011607
0.016844
0.041196
0.100896
0.020025
0.007874
0.059590
0.025626
0.012836
0.019246
0.123136
0.010383
0.024720
0.074112
0.029256
0.074488
0.047072
0.209281
0.012005
0.034311
0.039130
0.001731
0.017834
0.045930
0.003124
0.052782
0.113633
0.018291
0.003314
0.032119
0.027422
0.035810
0.058998
0.016751
0.185968
0.051243
0.023667
0.030413
0.055693
0.021302
0.150460
0.049397
0.013307
0.015761
0.103954
0.169413
0.015472
0.002316
0.051323
0.038654
0.019633
0.006562
0.064842
0.015027
0.080512
0.062172
0.013044
0.006202
0.069318
0.054668
0.031257
0.014069
0.007694
0.016082
0.025719
0.109527
0.050024
0.109950
0.017130
0.024764
0.027654
0.037001
0.008329
0.030636
0.013962
0.048186
0.036175
0.031536
0.109663
0.025131
0.000222
0.025506
0.010066
0.155711
0.264933
0.020101
0.047090
0.025951
0.007305
0.019247
0.055206
0.027052
0.013037
0.083409
0.016826
0.093847
0.109632
0.000056
0.026349
0.070974
0.037865
0.004614
0.000546
0.049833
0.123456
0.003498
0.059063
0.045444
0.002974
0.022796
0.058040
0.028921
0.190620
0.042337
0.002682
0.018358
0.018220
0.078849
0.032102
0.025527
0.003806
0.015344
0.244317
0.006960
0.030228
0.106358
0.034996
0.030760
0.003575
0.008866
0.005763
0.062017
0.010282
0.052931
0.091716
0.060232
0.029915
0.005676
0.016949
0.046527
0.143794
0.006569
0.128883
0.130889
0.031144
0.105418
0.009640
0.011467
0.015199
0.033841
0.025456
0.012827
0.086938
0.140422
0.019164
0.024012
0.018637
0.017746
0.058510
0.054478
0.115713
0.021578
0.001939
0.074965
0.021681
0.066320
0.015270
0.026889
0.005175
0.089367
0.104652
0.136181
0.020554
0.023424
0.031714
0.051052
0.068874
0.106914
0.022388
0.113209
0.017050
0.106257
0.183664
0.021914
0.003923
0.022823
0.020939
0.017388
0.108703
0.067412
0.037240
0.009774
0.011636
0.028528
0.003991
0.013161
0.044826
0.004488
0.094088
0.013827
0.019050
0.000387
0.014847
0.078880
0.059455
0.116995
0.012643
0.010341
0.006409
0.005487
0.029802
0.114888
0.051792
0.014413
0.054305
0.042131
0.013331
0.006125
0.034037
0.042556
0.051581
0.012086
0.159544
0.046929
0.021921
0.030181
0.016705
0.067057
0.119056
0.117002
0.040400
0.044120
0.202715
0.010897
0.056648
0.022929
0.012347
0.108041
0.009073
0.046387
0.025060
0.030617
0.050425
0.044318
0.034645
0.026746
0.000283
0.056631
0.034332
0.035632
0.093723
0.165336
0.008455
0.034046
0.024730
0.022942
0.041656
0.045029
0.026399
0.016301
0.030312
0.007293
0.178060
0.018983
0.014992
0.061678
0.035905
0.034630
0.035918
0.106263
0.014528
0.078147
0.053847
0.006417
0.005341
0.015941
0.019457
0.109286
0.102285
0.099553
0.026293
0.027775
0.039612
0.016719
0.061795
0.130293
0.030269
0.039593
0.011936
0.035650
0.055132
0.188627
0.075031
0.024410
0.050174
0.014241
0.055438
0.011235
0.024022
0.026008
0.058140
0.005033
0.125905
0.061240
0.076971
0.030427
0.075628
0.003489
0.207131
0.020929
0.100410
0.058916
0.120556
0.008936
0.058640
0.043951
0.009598
0.006192
0.027610
0.006410
0.049011
0.035667
0.046363
0.040639
0.016497
0.017515
0.020657
0.099262
0.052706
0.001126
0.067772
0.136763
0.024604
0.021803
0.162778
0.023649
0.015313
0.006332
0.026863
0.003458
0.175215
0.002045
0.000711
0.026378
0.010153
0.025998
0.021603
0.034572
0.036159
0.116360
0.023575
0.077072
0.028376
0.010042
0.043477
0.104865
0.022981
0.005896
0.052069
0.110383
0.002557
0.011589
0.042570
0.047975
0.116242
0.003403
0.075924
0.018876
0.071749
0.150910
0.081288
0.047417
0.026369
0.099300
0.041022
0.005033
0.056229
0.012254
0.002774
0.081182
0.005132
0.003787
0.009945
0.004529
0.044175
0.092542
0.054913
0.051573
0.108566
0.002278
0.083338
0.018615
0.014084
0.112459
0.018126
0.000044
0.078869
0.067005
0.012176
0.049887
0.115160
0.066104
0.052318
0.063307
0.018481
0.032030
0.078363
0.003334
0.028184
0.072688
0.004800
0.029751
0.003363
0.008617
0.118906
0.134347
0.107222
0.005122
0.042946
0.004395
0.020534
0.022796
0.037729
0.006126
0.020113
0.206638
0.080255
0.012126
0.206906
0.046907
0.004355
0.016532
0.014094
0.159966
0.083846
0.001968
0.121608
0.001701
0.010202
0.025233
0.082861
0.143300
0.002629
0.036821
0.015342
0.000237
0.104890
0.007709
0.094317
0.053830
0.007874
0.016068
0.107483
0.008033
0.098772
0.077922
0.088849
0.269146
0.028337
0.011841
0.047332
0.128590
0.029349
0.012113
0.020721
0.039308
0.041807
0.055227
0.053186
0.102161
0.045939
0.025835
0.124627
0.005166
0.008805
0.050980
0.042535
0.019579
0.104713
0.016387
0.005805
0.004856
0.006687
0.456990
0.009137
0.002033
0.031426
0.027952
0.046256
0.044079
0.095645
0.027149
0.016792
0.041792
0.003005
0.033802
0.039322
0.153210
0.135782
0.004806
0.084616
0.014472
0.097411
0.064169
0.009397
0.014675
0.012878
0.112751
0.104169
0.047342
0.030889
0.054150
0.009079
0.074378
0.019002
0.209596
0.034483
0.091297
0.203742
0.133388
0.030033
0.044539
0.112108
0.004119
0.118927
0.119445
0.054516
0.040372
0.038188
0.003015
0.013153
0.118827
0.199253
0.183761
0.137497
0.042624
0.011644
0.023022
0.046975
0.014324
0.029873
0.036112
0.005580
0.015954
0.079677
0.013529
0.061617
0.064350
0.084023
0.016990
0.003496
0.014100
0.009930
0.246404
0.035820
0.009607
0.054188
0.004314
0.101805
0.006896
0.002560
0.007178
0.119124
0.052419
0.038510
0.029996
0.011721
0.100241
0.004937
0.001518
0.015282
0.010018
0.094524
0.219015
0.019307
0.032860
0.035777
0.020240
0.033748
0.057742
0.079597
0.042608
0.008963
0.034726
0.118085
0.028913
0.014859
0.059363
0.067723
0.023151
0.059711
0.018713
0.060061
0.045716
0.014713
0.023999
0.031092
0.016978
0.002622
0.076904
0.004854
0.001097
0.007262
0.002738
0.136679
0.028498
0.121803
0.042062
0.064696
0.009866
0.028589
0.059686
0.075742
0.102354
0.068552
0.090600
0.127702
0.003224
0.008503
0.066258
0.034894
0.030080
0.043700
0.030587
0.029699
0.134517
0.030713
0.050119
0.003413
0.088646
0.011573
0.024125
0.094051
0.054773
0.058920
0.001073
0.010876
0.074774
0.026432
0.078135
0.024090
0.059362
0.020539
0.006219
0.038630
0.064196
0.029303
0.020030
0.039865
0.019810
0.154961
0.048176
0.017817
0.023159
0.048437
0.063836
0.008238
0.095667
0.091395
0.040319
0.032620
0.009028
0.035979
0.201576
0.051171
0.020021
0.048337
0.023672
0.002719
0.027722
0.004774
0.003982
0.106145
0.008856
0.035689
0.116420
0.000560
0.057515
0.021653
0.004191
0.004088
0.035495
0.032609
0.034952
0.000294
0.013097
0.058534
0.040700
0.152382
0.208510
0.039772
0.093455
0.100443
0.065589
0.158391
0.000166
0.059160
0.024725
0.036206
0.070049
0.006738
0.002147
0.106691
0.018557
0.017566
0.061168
0.179224
0.047742
0.066780
0.024014
0.039263
0.013757
0.143694
0.004046
0.060574
0.060723
0.217072
0.028629
0.095119
0.068537
0.002162
0.062594
0.005935
0.143030
0.019101
0.007947
0.011417
0.107252
0.011035
0.003313
0.004766
0.166220
0.076221
0.017889
0.040948
0.012340
0.030937
0.027999
0.006470
0.046572
0.001807
0.037379
0.029134
0.077474
0.122398
0.202950
0.001102
0.037124
0.115828
0.132283
0.030769
0.014841
0.001365
0.008277
0.010972
0.044616
0.001049
0.090680
0.074954
0.064588
0.017269
0.102484
0.091989
0.012785
0.049067
0.069867
0.020414
0.000703
0.092477
0.012462
0.002510
0.045140
0.021774
0.086808
0.003846
0.041746
0.038652
0.089534
0.024135
0.103108
0.037990
0.050239
0.067019
0.021084
0.015314
0.036144
0.042558
0.006322
0.035268
0.059363
0.027673
0.000270
0.025127
0.018958
0.163428
0.015808
0.039244
0.074951
0.108360
0.060284
0.031501
0.167512
0.018464
0.027457
0.036865
0.006612
0.064999
0.008020
0.031197
0.055869
0.022870
0.114694
0.007432
0.036645
0.013006
0.048318
0.428733
0.008850
0.009777
0.010793
0.034437
0.062767
0.041391
0.183656
0.039557
0.177079
0.013108
0.068966
0.033366
0.032822
0.151102
0.066523
0.001755
0.115321
0.014084
0.028620
0.007584
0.021677
0.070311
0.013661
0.087215
0.010899
0.000479
0.071159
0.058228
0.051669
0.002237
0.035833
0.003751
0.252431
0.079707
0.011261
0.012064
0.017662
0.005648
0.098805
0.001689
0.083770
0.091099
0.081801
0.037919
0.053447
0.043058
0.030036
0.063483
0.020564
0.048838
0.173678
0.066586
0.037239
0.031608
0.039741
0.047226
0.035897
0.024137
0.217770
0.032359
0.030370
0.019503
0.041792
0.007378
0.015693
0.013690
0.091258
0.040465
0.024063
0.074821
0.059152
0.047185
0.067802
0.006574
0.009075
0.159318
0.008994
0.018810
0.042137
0.042072
0.003436
0.012345
0.016170
0.107433
0.049402
0.024660
0.036359
0.065861
0.006085
0.020541
0.009047
0.042337
0.010750
0.025418
0.076762
0.005299
0.026518
0.112441
0.052945
0.010345
0.035628
0.036468
0.039732
0.034757
0.002806
0.025781
0.020892
0.165343
0.063546
0.036989
0.004999
0.006413
0.004512
0.150013
0.028929
0.011583
0.112871
0.046754
0.013857
0.003982
0.010693
0.012894
0.027574
0.036599
0.042897
0.006143
0.038475
0.067927
0.015134
0.089538
0.111171
0.094851
0.016500
0.003003
0.046901
0.012986
0.173005
0.008880
0.193895
0.051860
0.015832
0.045114
0.011777
0.027476
0.025632
0.002052
0.031897
0.075758
0.155704
0.048578
0.021057
0.102490
0.060680
0.079066
0.005834
0.090369
0.079917
0.117943
0.029579
0.050528
0.049026
0.009485
0.039202
0.004442
0.005754
0.001730
0.077947
0.009906
0.098503
0.006730
0.019104
0.034234
0.005849
0.061602
0.108277
0.024050
0.032167
0.051904
0.004690
0.022605
0.083456
0.021910
0.016386
0.006778
0.143084
0.034459
0.006026
0.014313
0.029543
0.141980
0.015990
0.044095
0.033992
0.058105
0.054906
0.063186
0.085532
0.000111
0.097081
0.145646
0.005882
0.080367
0.024685
0.000515
0.005913
0.009092
0.125996
0.139946
0.068811
0.043159
0.072481
0.053159
0.061531
0.111066
0.002079
0.016114
0.008328
0.089818
0.073768
0.070543
0.049751
0.020085
0.020219
0.026248
0.222994
0.018878
0.082626
0.115311
0.038390
0.170795
0.018495
0.020282
0.046414
0.088599
0.082335
0.016600
0.082593
0.027069
0.006147
0.010122
0.015907
0.071240
0.013712
0.022958
0.005685
0.119223
0.012010
0.007125
0.031091
0.068622
0.065540
0.051727
0.014143
0.094651
0.027658
0.021154
0.042222
0.077716
0.020121
0.017406
0.004298
0.081328
0.049573
0.080625
0.049233
0.219720
0.039263
0.019174
0.014384
0.049257
0.001215
0.033779
0.034966
0.003465
0.072642
0.030748
0.047621
0.057353
0.022801
0.006135
0.097662
0.003268
0.117961
0.031135
0.088323
0.178804
0.116922
0.065339
0.042720
0.005610
0.123242
0.026853
0.019732
0.008745
0.107752
0.003654
0.001241
0.040441
0.018735
0.047883
0.073472
0.010562
0.091769
0.179006
0.048360
0.059428
0.039989
0.030821
0.151263
0.015045
0.026657
0.139009
0.021677
0.090337
0.021579
0.096356
0.055765
0.032093
0.003036
0.067271
0.015773
0.042952
0.024361
0.098387
0.166914
0.134724
0.063452
0.009619
0.048276
0.040942
0.056331
0.030426
0.035188
0.148136
0.206824
0.012915
0.021026
0.152819
0.007426
0.009740
0.009548
0.027739
0.072817
0.002769
0.032757
0.031777
0.003866
0.042648
0.169649
0.175168
0.000518
0.297126
0.030610
0.039234
0.018663
0.114017
0.036450
0.000905
0.024010
0.125815
0.180138
0.016048
0.028673
0.019837
0.008793
0.021593
0.019489
0.032366
0.000375
0.121273
0.009269
0.020870
0.002521
0.002604
0.164453
0.097730
0.025170
0.048515
0.093150
0.003346
0.055172
0.061025
0.082797
0.055240
0.095290
0.072765
0.009792
0.034860
0.005881
0.005974
0.029933
0.012849
0.048904
0.031796
0.077195
0.154566
0.049028
0.025710
0.052925
0.080848
0.014300
0.018802
0.178409
0.080908
0.165106
0.001390
0.005486
0.027585
0.006652
0.068893
0.059992
0.052627
0.084850
0.024780
0.178415
0.056896
0.000069
0.100008
0.077195
0.202616
0.015378
0.028613
0.063962
0.034694
0.057136
0.016317
0.046950
0.003388
0.008574
0.126530
0.119118
0.044231
0.060982
0.009426
0.046131
0.037798
0.014873
0.091382
0.034381
0.126129
0.010867
0.059183
0.170222
0.094820
0.002950
0.042616
0.051558
0.032402
0.087185
0.002108
0.011372
0.071939
0.010034
0.022978
0.026773
0.119570
0.218048
0.202296
0.013721
0.020593
0.035138
0.026185
0.042272
0.012607
0.001638
0.090141
0.044285
0.042721
0.181596
0.183448
0.005789
0.006657
0.091380
0.010352
0.049133
0.005390
0.075353
0.025227
0.007094
0.000808
0.149221
0.046859
0.003907
0.003166
0.011370
0.030530
0.085914
0.022999
0.022365
0.061155
0.026877
0.081526
0.110326
0.019951
0.010186
0.014140
0.001245
0.022301
0.027517
0.021256
0.062790
0.001360
0.000496
0.008399
0.157018
0.006737
0.072668
0.003093
0.010788
0.078038
0.053677
0.073746
0.010676
0.018160
0.007879
0.269535
0.076607
0.129456
0.100699
0.268552
0.081711
0.150570
0.072622
0.006809
0.017114
0.021549
0.017650
0.132305
0.029685
0.129735
0.093722
0.070826
0.014775
0.106150
0.014873
0.047281
0.111176
0.000516
0.013046
0.064422
0.009261
0.012478
0.030210
0.030265
0.039602
0.099095
0.064378
0.015542
0.081385
0.041287
0.028639
0.001503
0.054540
0.100270
0.027553
0.028103
0.050749
0.049998
0.019797
0.125579
0.035782
0.046274
0.096723
0.002495
0.043651
0.108349
0.001116
0.064965
0.000022
0.015678
0.023512
0.019576
0.105480
0.088228
0.012296
0.046629
0.019594
0.017700
0.033823
0.025529
0.032020
0.050392
0.107980
0.000418
0.173690
0.062907
0.032874
0.067577
0.008376
0.034919
0.026453
0.011283
0.063629
0.030050
0.009181
0.111463
0.012415
0.049120
0.003894
0.074044
0.004887
0.029631
0.022723
0.080387
0.014126
0.006903
0.030775
0.138411
0.144279
0.134743
0.119332
0.088275
0.111669
0.032347
0.018982
0.041356
0.033773
0.047679
0.090437
0.004478
0.079727
0.083568
0.007021
0.094451
0.017416
0.047443
0.029044
0.002033
0.001302
0.054733
0.072480
0.072572
0.006300
0.024873
0.001399
0.036365
0.149470
0.059099
0.003520
0.072452
0.006465
0.001472
0.018144
0.058929
0.001987
0.017941
0.000984
0.119151
0.054187
0.015090
0.108974
0.011961
0.007641
0.002249
0.079881
0.054349
0.077886
0.037301
0.015863
0.019925
0.011980
0.033386
0.081280
0.032796
0.081218
0.079338
0.034008
0.003929
0.005248
0.020401
0.038680
0.046459
0.001149
0.020777
0.008482
0.062993
0.013325
0.001718
0.106216
0.033089
0.014480
0.049126
0.024520
0.013911
0.016327
0.013079
0.064878
0.012355
0.007537
0.039689
0.063781
0.046916
0.078455
0.007769
0.034036
0.172998
0.019249
0.060859
0.001544
0.027046
0.018971
0.068895
0.160213
0.061468
0.000903
0.020310
0.029002
0.048856
0.027666
0.019558
0.008059
0.035427
0.073557
0.010369
0.000487
0.002432
0.178405
0.113262
0.078243
0.055758
0.108895
0.087213
0.012098
0.089949
0.084933
0.005481
0.019114
0.033981
0.002915
0.033687
0.020892
0.035095
0.070031
0.152075
0.145064
0.041839
0.057334
0.075606
0.050598
0.034168
0.026266
0.016946
0.012968
0.037015
0.048515
0.043145
0.005665
0.016264
0.083375
0.000705
0.002058
0.048823
0.110098
0.088776
0.001911
0.030397
0.076148
0.010172
0.158270
0.058804
0.010200
0.027985
0.018808
0.031006
0.084139
0.052580
0.025134
0.009902
0.011906
0.024861
0.090351
0.036976
0.043336
0.255585
0.071232
0.106295
0.100658
0.049167
0.077711
0.011643
0.031760
0.013941
0.010615
0.022538
0.005453
0.045164
0.024817
0.097425
0.101320
0.018865
0.009287
0.014565
0.037350
0.023449
0.031366
0.036390
0.010616
0.052750
0.025778
0.028779
0.064419
0.010368
0.003296
0.064961
0.007555
0.041264
0.091752
0.121157
0.037809
0.134979
0.000706
0.033665
0.005017
0.024906
0.100204
0.099941
0.033037
0.051724
0.024659
0.088725
0.153602
0.119284
0.068225
0.086755
0.009742
0.023965
0.043571
0.073691
0.088940
0.018000
0.093494
0.086843
0.002962
0.092082
0.042869
0.087644
0.087027
0.055323
0.095421
0.069282
0.107866
0.013933
0.068630
0.005450
0.337177
0.010755
0.119264
0.004680
0.061475
0.013607
0.001637
0.060221
0.024865
0.004071
0.078695
0.080203
0.026147
0.134331
0.069751
0.094456
0.046169
0.008069
0.057564
0.060278
0.135276
0.027583
0.106673
0.111061
0.050062
0.006967
0.034672
0.003328
0.000171
0.137426
0.109354
0.101665
0.027705
0.082476
0.113548
0.070724
0.018499
0.058879
0.081464
0.023301
0.157202
0.002525
0.014527
0.027315
0.020683
0.034259
0.011750
0.159468
0.044860
0.009302
0.013799
0.016524
0.054906
0.011497
0.021732
0.011713
0.071466
0.056490
0.092490
0.111221
0.122718
0.039212
0.022327
0.028344
0.018110
0.010624
0.039995
0.039746
0.003407
0.032493
0.009721
0.113782
0.022257
0.037233
0.003995
0.051886
0.018982
0.082040
0.020864
0.104617
0.033003
0.073738
0.051963
0.003718
0.007341
0.002876
0.007829
0.006679
0.036534
0.061114
0.027254
0.093155
0.041386
0.007012
0.059897
0.125604
0.106292
0.011871
0.011581
0.001822
0.041797
0.010292
0.012075
0.046650
0.019110
0.008321
0.040190
0.112300
0.007245
0.026041
0.132331
0.199232
0.007068
0.064855
0.034605
0.011768
0.021442
0.008054
0.031526
0.015547
0.012231
0.013804
0.101442
0.023169
0.102715
0.035997
0.010814
0.029978
0.006229
0.006404
0.044698
0.021452
0.004300
0.046564
0.031016
0.003030
0.047792
0.010027
0.025702
0.137019
0.009928
0.081152
0.006010
0.158511
0.031183
0.016783
0.005767
0.063739
0.025939
0.017936
0.006969
0.010063
0.060731
0.116412
0.148677
0.009883
0.070719
0.012076
0.014289
0.256545
0.028578
0.002559
0.122228
0.008838
0.098092
0.035158
0.074740
0.021427
0.073447
0.045840
0.000649
0.003529
0.114866
0.027502
0.086143
0.081582
0.024473
0.119146
0.089190
0.029269
0.003592
0.017240
0.064275
0.033049
0.069313
0.032101
0.062603
0.182525
0.030569
0.034333
0.084926
0.002866
0.164361
0.047284
0.054871
0.006771
0.016597
0.115179
0.103241
0.000701
0.020206
0.008408
0.104926
0.013452
0.017052
0.067661
0.016239
0.066479
0.057905
0.022931
0.007001
0.039754
0.140742
0.023269
0.089532
0.032217
0.042825
0.004775
0.102875
0.042075
0.086585
0.066644
0.021911
0.014247
0.007856
0.018829
0.001447
0.054150
0.000173
0.029569
0.025788
0.063413
0.008442
0.062116
0.027184
0.070973
0.004463
0.058920
0.033936
0.006913
0.080933
0.018239
0.041682
0.000691
0.092934
0.028837
0.040241
0.012169
0.030108
0.047741
0.028559
0.005820
0.004646
0.009815
0.036994
0.008470
0.107955
0.061019
0.002373
0.040707
0.000577
0.028084
0.155295
0.195518
0.054771
0.004247
0.022300
0.049288
0.024673
0.021713
0.060851
0.039142
0.047439
0.133778
0.055831
0.044632
0.005901
0.047381
0.069581
0.092876
0.004830
0.087537
0.139079
0.045883
0.047097
0.014006
0.035723
0.144443
0.107355
0.089458
0.002945
0.066797
0.052693
0.014031
0.094822
0.001532
0.015898
0.005534
0.007672
0.059686
0.060448
0.064086
0.044796
0.192025
0.013845
0.119226
0.014710
0.023769
0.005281
0.036845
0.095061
0.010125
0.013192
0.011227
0.118791
0.013890
0.079479
0.030933
0.033104
0.080661
0.004257
0.008947
0.024204
0.030424
0.040574
0.021148
0.099010
0.166106
0.038153
0.042235
0.102279
0.071723
0.006080
0.014720
0.059318
0.053498
0.028564
0.013503
0.015427
0.078198
0.035737
0.012262
0.085174
0.062046
0.045132
0.032622
0.045174
0.049703
0.165152
0.036378
0.023285
0.018687
0.123429
0.084747
0.100636
0.054167
0.152404
0.092458
0.014820
0.044828
0.023536
0.088224
0.000145
0.019883
0.051048
0.014930
0.006782
0.013258
0.081390
0.111518
0.066624
0.068104
0.045708
0.045574
0.006519
0.039041
0.016446
0.040935
0.015336
0.047940
0.012639
0.027435
0.032292
0.021936
0.017232
0.041451
0.021823
0.115725
0.006820
0.029515
0.079301
0.120962
0.029688
0.021514
0.074362
0.030511
0.258317
0.145871
0.018008
0.051785
0.257634
0.041669
0.040859
0.027758
0.024280
0.037229
0.005869
0.009236
0.031464
0.047431
0.031887
0.062421
0.110966
0.023579
0.049330
0.107705
0.103943
0.087397
0.001576
0.148273
0.020439
0.075225
0.021510
0.015749
0.030404
0.025160
0.106046
0.111183
0.017309
0.073079
0.030996
0.018558
0.007759
0.061202
0.033291
0.015381
0.026897
0.020462
0.005443
0.027493
0.088507
0.023454
0.012508
0.073746
0.066783
0.025413
0.012713
0.013429
0.008415
0.037130
0.014976
0.007347
0.017307
0.065237
0.009414
0.041059
0.108563
0.020865
0.000598
0.035154
0.116884
0.004513
0.029131
0.003270
0.037832
0.016385
0.019470
0.104843
0.025412
0.021410
0.005378
0.016343
0.047182
0.131985
0.000613
0.049389
0.059638
0.031723
0.048195
0.035487
0.056444
0.007362
0.075429
0.028181
0.039591
0.028002
0.009391
0.082994
0.021049
0.001868
0.064710
0.041982
0.040935
0.090238
0.032982
0.021416
0.052790
0.018320
0.004328
0.063619
0.063277
0.005359
0.011140
0.017355
0.074775
0.007153
0.075796
0.012912
0.046576
0.040974
0.032019
0.129981
0.048445
0.021378
0.045696
0.026146
0.011340
0.062071
0.098514
0.114771
0.305936
0.178365
0.004298
0.010437
0.010758
0.021236
0.016777
0.054058
0.014974
0.010297
0.000909
0.290877
0.050485
0.012566
0.031975
0.031296
0.098569
0.026294
0.000002
0.039599
0.110665
0.006060
0.010468
0.057876
0.010839
0.008146
0.081466
0.103787
0.085363
0.015926
0.001254
0.005249
0.264344
0.240364
0.002772
0.004427
0.077459
0.028425
0.155593
0.002218
0.007852
0.071126
0.028966
0.030890
0.080390
0.063012
0.103641
0.012409
0.006774
0.038119
0.053089
0.032114
0.005609
0.062094
0.012808
0.151521
0.001339
0.001661
0.133206
0.044534
0.102356
0.037357
0.016259
0.002263
0.011463
0.006743
0.047963
0.071057
0.103205
0.144287
0.016153
0.008331
0.105789
0.048612
0.043550
0.025568
0.064545
0.124491
0.012420
0.175349
0.003696
0.042701
0.048522
0.020164
0.028935
0.125710
0.011050
0.034035
0.011922
0.142210
0.008787
0.048169
0.003624
0.011224
0.010737
0.018693
0.036191
0.016705
0.010065
0.017389
0.068880
0.018282
0.065548
0.001857
0.039919
0.051749
0.024063
0.031372
0.003893
0.011614
0.011233
0.204297
0.048517
0.013767
0.090769
0.119804
0.059006
0.036314
0.003070
0.034026
0.013332
0.029457
0.069133
0.028045
0.017212
0.051603
0.022781
0.034340
0.057014
0.000853
0.021685
0.073702
0.010939
0.037304
0.006302
0.141974
0.201743
0.009174
0.029272
0.041351
0.014551
0.059781
0.010668
0.008720
0.067059
0.101153
0.061393
0.007250
0.057321
0.051057
0.086783
0.097056
0.205639
0.057697
0.028608
0.047592
0.040901
0.055031
0.055772
0.024886
0.088105
0.012723
0.000075
0.003399
0.148988
0.043935
0.111069
0.042583
0.014789
0.078378
0.060354
0.014306
0.086074
0.036151
0.003208
0.049985
0.006662
0.298753
0.129781
0.177034
0.004501
0.208697
0.006914
0.081394
0.003073
0.008033
0.016593
0.012887
0.034727
0.045563
0.010849
0.094148
0.038493
0.012307
0.007805
0.136511
0.048577
0.001486
0.027270
0.002789
0.040452
0.205788
0.089836
0.024609
0.141092
0.015078
0.011969
0.027311
0.044648
0.014527
0.004919
0.042928
0.061385
0.078762
0.018332
0.013442
0.031078
0.014925
0.007793
0.014858
0.005278
0.012092
0.006670
0.009076
0.026115
0.052057
0.005233
0.174215
0.025603
0.033252
0.019311
0.024690
0.041788
0.065435
0.053308
0.055463
0.017723
0.108537
0.012776
0.030709
0.011477
0.131121
0.114893
0.099902
0.160377
0.012164
0.012156
0.104097
0.017331
0.070881
0.011949
0.002946
0.021586
0.077890
0.006038
0.033871
0.010546
0.007933
0.010902
0.057361
0.014311
0.028822
0.118778
0.023647
0.062019
0.091764
0.001333
0.006839
0.016576
0.026451
0.048162
0.021533
0.053192
0.011192
0.026249
0.023354
0.021130
0.070061
0.027136
0.117591
0.063432
0.005217
0.091824
0.025961
0.038180
0.065172
0.025224
0.034221
0.186292
0.027396
0.069990
0.003707
0.003899
0.064780
0.036746
0.089796
0.093469
0.019074
0.122428
0.051536
0.171937
0.029849
0.054208
0.021838
0.062487
0.054314
0.021528
0.133558
0.057023
0.134001
0.088955
0.019531
0.002799
0.022726
0.017756
0.002376
0.080571
0.065032
0.028023
0.080614
0.001403
0.043478
0.006932
0.001700
0.003101
0.063398
0.061441
0.035880
0.041132
0.010623
0.086213
0.045465
0.000435
0.031918
0.089633
0.011536
0.001517
0.156621
0.078711
0.013153
0.047261
0.054819
0.024105
0.015554
0.008539
0.106200
0.041681
0.096774
0.152622
0.042966
0.092266
0.000763
0.041517
0.004335
0.018645
0.023363
0.012316
0.104039
0.038570
0.057491
0.000447
0.046536
0.036497
0.044639
0.045135
0.035468
0.215007
0.061605
0.000647
0.004257
0.065237
0.023832
0.004383
0.085420
0.060596
0.065865
0.032574
0.011853
0.025079
0.119715
0.272212
0.094418
0.057399
0.014872
0.116067
0.032892
0.036986
0.063648
0.203391
0.088051
0.026798
0.137783
0.005708
0.031332
0.122269
0.026776
0.131375
0.012357
0.108753
0.011811
0.012313
0.012318
0.115788
0.054157
0.019579
0.012185
0.001848
0.015965
0.086943
0.057179
0.079726
0.027746
0.004273
0.011836
0.009366
0.001277
0.011161
0.029723
0.069273
0.032212
0.259397
0.001672
0.084191
0.013413
0.177978
0.005383
0.051119
0.005932
0.005181
0.063357
0.020099
0.040642
0.018261
0.008170
0.027895
0.006230
0.003388
0.000941
0.014204
0.042163
0.028663
0.051385
0.003257
0.002308
0.111884
0.009559
0.041291
0.017832
0.063930
0.130680
0.065688
0.117590
0.068955
0.012914
0.012500
0.005810
0.011060
0.015479
0.005612
0.046380
0.101420
0.056247
0.037782
0.039402
0.048049
0.002956
0.046842
0.041766
0.058454
0.010820
0.000058
0.000349
0.009907
0.018935
0.050854
0.022214
0.015925
0.025340
0.022648
0.014535
0.037929
0.045920
0.037216
0.021415
0.018707
0.173034
0.028074
0.055696
0.055045
0.023185
0.034655
0.053875
0.014536
0.039820
0.038612
0.000561
0.057883
0.068184
0.152939
0.012573
0.039668
0.087047
0.006120
0.100232
0.025034
0.048712
0.077520
0.037584
0.000838
0.004491
0.022624
0.104313
0.007444
0.022693
0.093713
0.137911
0.012506
0.021656
0.125961
0.074946
0.070956
0.001184
0.028311
0.052125
0.005150
0.071600
0.036312
0.011165
0.069320
0.064647
0.100966
0.014173
0.209402
0.017574
0.091240
0.016572
0.010210
0.081325
0.025633
0.024416
0.053681
0.014665
0.049129
0.021146
0.070390
0.208655
0.001787
0.061565
0.061585
0.049414
0.019962
0.013536
0.029899
0.012543
0.053520
0.011923
0.001079
0.039187
0.018453
0.085754
0.071086
0.085402
0.017414
0.190149
0.071565
0.058202
0.005321
0.043942
0.020040
0.080487
0.178750
0.032609
0.269488
0.064882
0.088467
0.107280
0.052161
0.026882
0.022269
0.092746
0.124523
0.066477
0.133889
0.026778
0.258559
0.188940
0.002576
0.014121
0.004753
0.015292
0.019787
0.137787
0.089700
0.052849
0.003582
0.054528
0.025390
0.020304
0.012735
0.064977
0.026819
0.080762
0.047610
0.031601
0.018473
0.018577
0.070286
0.045051
0.009453
0.035842
0.017117
0.124981
0.018010
0.077873
0.022737
0.015781
0.017777
0.013763
0.018288
0.015069
0.052294
0.060363
0.082361
0.046564
0.015616
0.097371
0.066088
0.029510
0.042819
0.085542
0.048863
0.018221
0.233491
0.061610
0.053352
0.126619
0.091313
0.087643
0.091294
0.010057
0.111329
0.022105
0.109678
0.024345
0.018753
0.006521
0.060527
0.000367
0.021246
0.009586
0.017783
0.056519
0.002510
0.104570
0.042737
0.019578
0.082038
0.020968
0.004181
0.013602
0.029709
0.115762
0.001417
0.058517
0.009539
0.063917
0.065363
0.000865
0.062189
0.060328
0.025501
0.166428
0.023952
0.034921
0.001322
0.002216
0.082310
0.023748
0.040624
0.110838
0.115266
0.025949
0.056923
0.011943
0.053201
0.082313
0.059659
0.078919
0.030183
0.119598
0.001369
0.084145
0.012450
0.140851
0.122886
0.071004
0.030441
0.053282
0.005804
0.025056
0.023715
0.001124
0.000315
0.020356
0.082376
0.002438
0.021448
0.038169
0.050282
